Atom1_TypeIndex     Atom2_TypeIndex   CombinedIndex       A_coef                     B_coef                       QQ_ab
------------------------------------------------------------------------------------------------------------------------
       0                0                 0            0.00000550861432            0.00429399963468         0.08929817378521
       0                1                 1            0.00000000254945            0.00006397292600         -0.09805294126272
       0                2                 2            0.00000354985332            0.00218009809032         -0.06274222582579
       0                3                 3            0.00000028577824            0.00056325306650         -0.02976595982909
       0                4                 4            0.00000484449311            0.00292923697270         0.05369580909610
       0                5                 5            0.00000038311956            0.00072714366252         -0.02684790454805
       0                6                 6            0.00001331195017            0.00817536748946         0.02684790454805
       0                7                 7            0.00000627406735            0.00362144247629         0.06566058099270
       0                8                 8            0.00000032188481            0.00061092287069         -0.02684790454805
       0                9                 9            0.00000658160434            0.00404200982302         -0.15174844861031
       0               10                10            0.00000259679427            0.00259476131760         0.15174844861031
       0               11                11            0.00000044075892            0.00083654059563         -0.02684790454805
       0               12                12            0.00000369550776            0.00328437471762         0.19610588252544
       0               13                13            0.00000525030418            0.00322440848686         -0.18443305790424
       0               14                14            0.00000259679427            0.00259476131760         0.22645545005798
       0               15                15            0.00000034767532            0.00065987213748         -0.02684790454805
       0               16                16            0.00000793375239            0.00373175670393         -0.00000000000000
       0               17                17            0.00000642257373            0.00260732625611         -0.00594578124583
       0               18                18            0.00000519688138            0.00324179418385         0.00893704872578
       0               19                19            0.00000512727456            0.00318640610203         0.04464908689260
       0               20                20            0.00000038530487            0.00070675014285         -0.06566058099270
       0               21                21            0.00000400323597            0.00307041965425         -0.07149699330330
       0               22                22            0.00000233940841            0.00197869492695         0.01488312892616
       0               23                23            0.00000007507199            0.00034714565845         -0.03881267830729
       0               24                24            0.00000029421889            0.00044100373634         -0.02976595982909
       0               25                25            0.00000001296704            0.00017518772802         -0.04756744205952
       0               26                26            0.00000367351754            0.00327458814718         0.24863417446613
       1                0                32            0.00000000254945            0.00006397292600         -0.09805294126272
       1                1                33            0.00000000000000            0.00000000315397         0.10766601562500
       1                2                34            0.00000000235686            0.00003890183143         0.06889345496893
       1                3                35            0.00000000002453            0.00000361359434         0.03268420323730
       1                4                36            0.00000000329025            0.00005286603846         -0.05896012857556
       1                5                37            0.00000000003558            0.00000485281180         0.02948006428778
       1                6                38            0.00000000883824            0.00014588185877         -0.02948006428778
       1                7                39            0.00000000455707            0.00006758990639         -0.07209791988134
       1                8                40            0.00000000002989            0.00000407717744         0.02948006428778
       1                9                41            0.00000000436974            0.00007212592755         0.16662582755089
       1               10                42            0.00000000080237            0.00003158629625         -0.16662582755089
       1               11                43            0.00000000004093            0.00000558290503         0.02948006428778
       1               12                44            0.00000000138690            0.00004406252992         -0.21533203125000
       1               13                45            0.00000000348585            0.00005753658479         0.20251479744911
       1               14                46            0.00000000080237            0.00003158629625         -0.24865707755089
       1               15                47            0.00000000003229            0.00000440385475         0.02948006428778
       1               16                48            0.00000000766657            0.00008033531049         0.00000000000000
       1               17                49            0.00000000754611            0.00006189198757         0.00652870349586
       1               18                50            0.00000000337241            0.00005718947796         -0.00981323421001
       1               19                51            0.00000000334559            0.00005636717106         -0.04902647063136
       1               20                52            0.00000000003840            0.00000488599289         0.07209791988134
       1               21                53            0.00000000190025            0.00004632650962         0.07850653678179
       1               22                54            0.00000000095119            0.00002763072553         -0.01634226553142
       1               23                55            0.00000000000079            0.00000077828071         0.04261786118150
       1               24                56            0.00000000004379            0.00000372580348         0.03268420323730
       1               25                57            0.00000000000000            0.00000005344318         0.05223093926907
       1               26                58            0.00000000137195            0.00004382447514         -0.27301016449928
       2                0                64            0.00000354985332            0.00218009809032         -0.06274222582579
       2                1                65            0.00000000235686            0.00003890183143         0.06889345496893
       2                2                66            0.00000224626797            0.00109681044705         0.04408362135291
       2                3                67            0.00000019908339            0.00029732848634         0.02091400511563
       2                4                68            0.00000306191509            0.00147284450941         -0.03772747144103
       2                5                69            0.00000026598903            0.00038319066516         0.01886373572052
       2                6                70            0.00000842350437            0.00411303946748         -0.01886373572052
       2                7                71            0.00000395175812            0.00181774166413         -0.04613409936428
       2                8                72            0.00000022347548            0.00032194456435         0.01886373572052
       2                9                73            0.00000416469220            0.00203354097903         0.10662072151899
       2               10                74            0.00000170678175            0.00133044715039         -0.10662072151899
       2               11                75            0.00000030600640            0.00044084072579         0.01886373572052
       2               12                76            0.00000240617646            0.00167613639496         -0.13778690993786
       2               13                77            0.00000332227501            0.00162220455240         0.12958540022373
       2               14                78            0.00000170678175            0.00133044715039         -0.15911096334457
       2               15                79            0.00000024138112            0.00034773987136         0.01886373572052
       2               16                80            0.00000492295385            0.00185916048940         0.00000000000000
       2               17                81            0.00000394380186            0.00129219598603         0.00417759409174
       2               18                82            0.00000329232603            0.00163190718740         -0.00627930322662
       2               19                83            0.00000324731377            0.00160379905719         -0.03137111291289
       2               20                84            0.00000026668954            0.00037187468843         0.04613409936428
       2               21                85            0.00000257651050            0.00155789463315         0.05023485049605
       2               22                86            0.00000151724191            0.00100782059599         -0.01045710779727
       2               23                87            0.00000005679650            0.00019096930919         0.02727036550641
       2               24                88            0.00000020006128            0.00022999505745         0.02091400511563
       2               25                89            0.00000001107031            0.00010237482638         0.03342159092426
       2               26                90            0.00000239242650            0.00167134054936         -0.17469406127930
       3                0                96            0.00000028577824            0.00056325306650         -0.02976595982909
       3                1                97            0.00000000002453            0.00000361359434         0.03268420323730
       3                2                98            0.00000019908339            0.00029732848634         0.02091400511563
       3                3                99            0.00000001055022            0.00006232580927         0.00992195308208
       3                4               100            0.00000027304097            0.00040049068048         -0.01789854280651
       3                5               101            0.00000001435893            0.00008107039321         0.00894927140325
       3                6               102            0.00000074656270            0.00111498183105         -0.00894927140325
       3                7               103            0.00000035885719            0.00049878796563         -0.02188678644598
       3                8               104            0.00000001206392            0.00006811275671         0.00894927140325
       3                9               105            0.00000036911047            0.00055126176449         0.05058264732361
       3               10               106            0.00000012373056            0.00032618598198         -0.05058264732361
       3               11               107            0.00000001651920            0.00009326723375         0.00894927140325
       3               12               108            0.00000018338736            0.00042135533295         -0.06536840647459
       3               13               109            0.00000029444828            0.00043975474546         0.06147747859359
       3               14               110            0.00000012373056            0.00032618598198         -0.07548490166664
       3               15               111            0.00000001303052            0.00007357018330         0.00894927140325
       3               16               112            0.00000048344884            0.00053051469149         0.00000000000000
       3               17               113            0.00000040898252            0.00037891464308         0.00198192032985
       3               18               114            0.00000029000159            0.00044102419633         -0.00297900638543
       3               19               115            0.00000028646090            0.00043374919915         -0.01488297991455
       3               20               116            0.00000001463793            0.00007933259621         0.02188678644598
       3               21               117            0.00000020880748            0.00040384370368         0.02383225224912
       3               22               118            0.00000011807097            0.00025600331719         -0.00496102636680
       3               23               119            0.00000000190729            0.00003186616232         0.01293751690537
       3               24               120            0.00000001208825            0.00005147980846         0.00992195308208
       3               25               121            0.00000000018556            0.00001206903653         0.01585576124489
       3               26               122            0.00000018210952            0.00041988477460         -0.08287777751684
       4                0               128            0.00000484449311            0.00292923697270         0.05369580909610
       4                1               129            0.00000000329025            0.00005286603846         -0.05896012857556
       4                2               130            0.00000306191509            0.00147284450941         -0.03772747144103
       4                3               131            0.00000027304097            0.00040049068048         -0.01789854280651
       4                4               132            0.00000417342244            0.00197772542015         0.03228778019547
       4                5               133            0.00000036472272            0.00051608827198         -0.01614389009774
       4                6               134            0.00001148218143            0.00552316708490         0.01614389009774
       4                7               135            0.00000538509357            0.00244058039971         0.03948230668902
       4                8               136            0.00000030642838            0.00043360088603         -0.01614389009774
       4                9               137            0.00000567694269            0.00273072696291         -0.09124772995710
       4               10               138            0.00000233218634            0.00178875052370         0.09124772995710
       4               11               139            0.00000041959436            0.00059373246040         -0.01614389009774
       4               12               140            0.00000328588158            0.00225284392945         0.11792025715113
       4               13               141            0.00000452863378            0.00217836652882         -0.11090127378702
       4               14               142            0.00000233218634            0.00178875052370         0.13616973161697
       4               15               143            0.00000033098050            0.00046834247769         -0.01614389009774
       4               16               144            0.00000670212603            0.00249499571510         -0.00000000000000
       4               17               145            0.00000536550488            0.00173354707658         -0.00357525236905
       4               18               146            0.00000448814626            0.00219147768803         0.00537392916158
       4               19               147            0.00000442670489            0.00215371209197         0.02684790454805
       4               20               148            0.00000036561229            0.00050079909852         -0.03948230668902
       4               21               149            0.00000351588665            0.00209314376116         -0.04299179464579
       4               22               150            0.00000207143057            0.00135441124439         0.00894936081022
       4               23               151            0.00000007830337            0.00025790071231         -0.02333841845393
       4               24               152            0.00000027396050            0.00030955686816         -0.01789854280651
       4               25               153            0.00000001537825            0.00013877982565         -0.02860273607075
       4               26               154            0.00000326715417            0.00224641477689         0.14950598776340
       5                0               160            0.00000038311956            0.00072714366252         -0.02684790454805
       5                1               161            0.00000000003558            0.00000485281180         0.02948006428778
       5                2               162            0.00000026598903            0.00038319066516         0.01886373572052
       5                3               163            0.00000001435893            0.00008107039321         0.00894927140325
       5                4               164            0.00000036472272            0.00051608827198         -0.01614389009774
       5                5               165            0.00000001952936            0.00010541668598         0.00807194504887
       5                6               166            0.00000099745887            0.00143696495797         -0.00807194504887
       5                7               167            0.00000047904780            0.00064255250618         -0.01974115334451
       5                8               168            0.00000001640795            0.00008856772911         0.00807194504887
       5                9               169            0.00000049315685            0.00071045447839         0.04562386497855
       5               10               170            0.00000016649636            0.00042188420775         -0.04562386497855
       5               11               171            0.00000002246751            0.00012127636001         0.00807194504887
       5               12               172            0.00000024633175            0.00054448767332         -0.05896012857556
       5               13               173            0.00000039340307            0.00056674663210         0.05545063689351
       5               14               174            0.00000016649636            0.00042188420775         -0.06808486580849
       5               15               175            0.00000001772261            0.00009566407971         0.00807194504887
       5               16               176            0.00000064360057            0.00068248709431         0.00000000000000
       5               17               177            0.00000054343269            0.00048699660692         0.00178762618452
       5               18               178            0.00000038754609            0.00056844437495         -0.00268696458079
       5               19               179            0.00000038279447            0.00055905291811         -0.01342395227402
       5               20               180            0.00000001989672            0.00010312562517         0.01974115334451
       5               21               181            0.00000027986493            0.00052128906827         0.02149589732289
       5               22               182            0.00000015847907            0.00033069224446         -0.00447468040511
       5               23               183            0.00000000264050            0.00004180499309         0.01166920922697
       5               24               184            0.00000001637358            0.00006680224760         0.00894927140325
       5               25               185            0.00000000026398            0.00001605015859         0.01430136803538
       5               26               186            0.00000024462634            0.00054259959143         -0.07475299388170
       6                0               192            0.00001331195017            0.00817536748946         0.02684790454805
       6                1               193            0.00000000883824            0.00014588185877         -0.02948006428778
       6                2               194            0.00000842350437            0.00411303946748         -0.01886373572052
       6                3               195            0.00000074656270            0.00111498183105         -0.00894927140325
       6                4               196            0.00001148218143            0.00552316708490         0.01614389009774
       6                5               197            0.00000099745887            0.00143696495797         -0.00807194504887
       6                6               198            0.00003158814070            0.01542389765382         0.00807194504887
       6                7               199            0.00001481909294            0.00681653106585         0.01974115334451
       6                8               200            0.00000083803309            0.00120729207993         -0.00807194504887
       6                9               201            0.00001561759564            0.00762577913702         -0.04562386497855
       6               10               202            0.00000640043118            0.00498917698860         0.04562386497855
       6               11               203            0.00000114752402            0.00165315275081         -0.00807194504887
       6               12               204            0.00000902316151            0.00628551188856         0.05896012857556
       6               13               205            0.00001245853127            0.00608326727524         -0.05545063689351
       6               14               206            0.00000640043118            0.00498917698860         0.06808486580849
       6               15               207            0.00000090517915            0.00130402448121         -0.00807194504887
       6               16               208            0.00001846107625            0.00697185192257         -0.00000000000000
       6               17               209            0.00001478925697            0.00484573468566         -0.00178762618452
       6               18               210            0.00001234622323            0.00611965218559         0.00268696458079
       6               19               211            0.00001217742647            0.00601424649358         0.01342395227402
       6               20               212            0.00000100008572            0.00139453017619         -0.01974115334451
       6               21               213            0.00000966191419            0.00584210501984         -0.02149589732289
       6               22               214            0.00000568965697            0.00377932726406         0.00447468040511
       6               23               215            0.00000021298686            0.00071613490582         -0.01166920922697
       6               24               216            0.00000075022979            0.00086248142179         -0.00894927140325
       6               25               217            0.00000004151365            0.00038390560076         -0.01430136803538
       6               26               218            0.00000897159953            0.00626752711833         0.07475299388170
       7                0               224            0.00000627406735            0.00362144247629         0.06566058099270
       7                1               225            0.00000000455707            0.00006758990639         -0.07209791988134
       7                2               226            0.00000395175812            0.00181774166413         -0.04613409936428
       7                3               227            0.00000035885719            0.00049878796563         -0.02188678644598
       7                4               228            0.00000538509357            0.00244058039971         0.03948230668902
       7                5               229            0.00000047904780            0.00064255250618         -0.01974115334451
       7                6               230            0.00001481909294            0.00681653106585         0.01974115334451
       7                7               231            0.00000694397659            0.00301076774485         0.04827995225787
       7                8               232            0.00000040248065            0.00053985207342         -0.01974115334451
       7                9               233            0.00000732675562            0.00337018328719         -0.11158000677824
       7               10               234            0.00000303171828            0.00221558893099         0.11158000677824
       7               11               235            0.00000055111934            0.00073922291631         -0.01974115334451
       7               12               236            0.00000426386350            0.00278793997131         0.14419583976269
       7               13               237            0.00000584472900            0.00268847611733         -0.13561286032200
       7               14               238            0.00000303171828            0.00221558893099         0.16651175916195
       7               15               239            0.00000043472878            0.00058310688473         -0.01974115334451
       7               16               240            0.00000861769786            0.00307351816446         -0.00000000000000
       7               17               241            0.00000688531145            0.00213338271715         -0.00437190802768
       7               18               242            0.00000579376592            0.00270495889708         0.00657137529925
       7               19               243            0.00000571414512            0.00265827332623         0.03283029049635
       7               20               244            0.00000047993990            0.00062333745882         -0.04827995225787
       7               21               245            0.00000455231020            0.00258746347390         -0.05257144197822
       7               22               246            0.00000268595454            0.00167548796162         0.01094350311905
       7               23               247            0.00000010451674            0.00032369192922         -0.02853880263865
       7               24               248            0.00000035842749            0.00038465711987         -0.02188678644598
       7               25               249            0.00000002099090            0.00017614285753         -0.03497614338994
       7               26               250            0.00000423975325            0.00278004654683         0.18281967937946
       8                0               256            0.00000032188481            0.00061092287069         -0.02684790454805
       8                1               257            0.00000000002989            0.00000407717744         0.02948006428778
       8                2               258            0.00000022347548            0.00032194456435         0.01886373572052
       8                3               259            0.00000001206392            0.00006811275671         0.00894927140325
       8                4               260            0.00000030642838            0.00043360088603         -0.01614389009774
       8                5               261            0.00000001640795            0.00008856772911         0.00807194504887
       8                6               262            0.00000083803309            0.00120729207993         -0.00807194504887
       8                7               263            0.00000040248065            0.00053985207342         -0.01974115334451
       8                8               264            0.00000001378543            0.00007441177877         0.00807194504887
       8                9               265            0.00000041433464            0.00059690116905         0.04562386497855
       8               10               266            0.00000013988493            0.00035445363028         -0.04562386497855
       8               11               267            0.00000001887648            0.00010189252498         0.00807194504887
       8               12               268            0.00000020696008            0.00045746116666         -0.05896012857556
       8               13               269            0.00000033052470            0.00047616241500         0.05545063689351
       8               14               270            0.00000013988493            0.00035445363028         -0.06808486580849
       8               15               271            0.00000001488997            0.00008037390216         0.00807194504887
       8               16               272            0.00000054073263            0.00057340384228         0.00000000000000
       8               17               273            0.00000045657478            0.00040915899444         0.00178762618452
       8               18               274            0.00000032560385            0.00047758879373         -0.00268696458079
       8               19               275            0.00000032161168            0.00046969839605         -0.01342395227402
       8               20               276            0.00000001671659            0.00008664285269         0.01974115334451
       8               21               277            0.00000023513357            0.00043797038961         0.02149589732289
       8               22               278            0.00000013314906            0.00027783706901         -0.00447468040511
       8               23               279            0.00000000221846            0.00003512321928         0.01166920922697
       8               24               280            0.00000001375656            0.00005612511086         0.00894927140325
       8               25               281            0.00000000022179            0.00001348482965         0.01430136803538
       8               26               282            0.00000020552723            0.00045587486238         -0.07475299388170
       9                0               288            0.00000658160434            0.00404200982302         -0.15174844861031
       9                1               289            0.00000000436974            0.00007212592755         0.16662582755089
       9                2               290            0.00000416469220            0.00203354097903         0.10662072151899
       9                3               291            0.00000036911047            0.00055126176449         0.05058264732361
       9                4               292            0.00000567694269            0.00273072696291         -0.09124772995710
       9                5               293            0.00000049315685            0.00071045447839         0.04562386497855
       9                6               294            0.00001561759564            0.00762577913702         -0.04562386497855
       9                7               295            0.00000732675562            0.00337018328719         -0.11158000677824
       9                8               296            0.00000041433464            0.00059690116905         0.04562386497855
       9                9               297            0.00000772154544            0.00377028598450         0.25787305831909
       9               10               298            0.00000316445789            0.00246671494097         -0.25787305831909
       9               11               299            0.00000056735109            0.00081734062405         0.04562386497855
       9               12               300            0.00000446117065            0.00310764019378         -0.33325165510178
       9               13               301            0.00000615966292            0.00300764781423         0.31341546773911
       9               14               302            0.00000316445789            0.00246671494097         -0.38482606410980
       9               15               303            0.00000044753256            0.00064472696977         0.04562386497855
       9               16               304            0.00000912740052            0.00344697572291         0.00000000000000
       9               17               305            0.00000731200453            0.00239579542540         0.01010393630713
       9               18               306            0.00000610413599            0.00302563700825         -0.01518713403493
       9               19               307            0.00000602068076            0.00297352299094         -0.07587422430515
       9               20               308            0.00000049445566            0.00068947416730         0.11158000677824
       9               21               309            0.00000477697813            0.00288841407746         0.12149809300900
       9               22               310            0.00000281304187            0.00186854950152         -0.02529157884419
       9               23               311            0.00000010530353            0.00035406657844         0.06595615297556
       9               24               312            0.00000037092354            0.00042642225162         0.05058264732361
       9               25               313            0.00000002052490            0.00018980800814         0.08083351701498
       9               26               314            0.00000443567751            0.00309874815866         -0.42251536250114
      10                0               320            0.00000259679427            0.00259476131760         0.15174844861031
      10                1               321            0.00000000080237            0.00003158629625         -0.16662582755089
      10                2               322            0.00000170678175            0.00133044715039         -0.10662072151899
      10                3               323            0.00000012373056            0.00032618598198         -0.05058264732361
      10                4               324            0.00000233218634            0.00178875052370         0.09124772995710
      10                5               325            0.00000016649636            0.00042188420775         -0.04562386497855
      10                6               326            0.00000640043118            0.00498917698860         0.04562386497855
      10                7               327            0.00000303171828            0.00221558893099         0.11158000677824
      10                8               328            0.00000013988493            0.00035445363028         -0.04562386497855
      10                9               329            0.00000316445789            0.00246671494097         -0.25787305831909
      10               10               330            0.00000119817412            0.00155123078730         0.25787305831909
      10               11               331            0.00000019154533            0.00048535561655         -0.04562386497855
      10               12               332            0.00000172266414            0.00197357544675         0.33325165510178
      10               13               333            0.00000252436416            0.00196775794029         -0.31341546773911
      10               14               334            0.00000119817412            0.00155123078730         0.38482606410980
      10               15               335            0.00000015109299            0.00038285367191         -0.04562386497855
      10               16               336            0.00000389604656            0.00230156839825         -0.00000000000000
      10               17               337            0.00000318964908            0.00161714921705         -0.01010393630713
      10               18               338            0.00000249551454            0.00197711493820         0.01518713403493
      10               19               339            0.00000246284026            0.00194363074843         0.07587422430515
      10               20               340            0.00000016800938            0.00041074116598         -0.11158000677824
      10               21               341            0.00000188973047            0.00185664929450         -0.12149809300900
      10               22               342            0.00000109517578            0.00119153154083         0.02529157884419
      10               23               343            0.00000002966480            0.00019205751596         -0.06595615297556
      10               24               344            0.00000013081323            0.00025880380417         -0.05058264732361
      10               25               345            0.00000000447140            0.00009054053226         -0.08083351701498
      10               26               346            0.00000171197144            0.00196744105779         0.42251536250114
      11                0               352            0.00000044075892            0.00083654059563         -0.02684790454805
      11                1               353            0.00000000004093            0.00000558290503         0.02948006428778
      11                2               354            0.00000030600640            0.00044084072579         0.01886373572052
      11                3               355            0.00000001651920            0.00009326723375         0.00894927140325
      11                4               356            0.00000041959436            0.00059373246040         -0.01614389009774
      11                5               357            0.00000002246751            0.00012127636001         0.00807194504887
      11                6               358            0.00000114752402            0.00165315275081         -0.00807194504887
      11                7               359            0.00000055111934            0.00073922291631         -0.01974115334451
      11                8               360            0.00000001887648            0.00010189252498         0.00807194504887
      11                9               361            0.00000056735109            0.00081734062405         0.04562386497855
      11               10               362            0.00000019154533            0.00048535561655         -0.04562386497855
      11               11               363            0.00000002584769            0.00013952207519         0.00807194504887
      11               12               364            0.00000028339176            0.00062640447868         -0.05896012857556
      11               13               365            0.00000045258957            0.00065201224061         0.05545063689351
      11               14               366            0.00000019154533            0.00048535561655         -0.06808486580849
      11               15               367            0.00000002038893            0.00011005650595         0.00807194504887
      11               16               368            0.00000074042867            0.00078516558278         0.00000000000000
      11               17               369            0.00000062519075            0.00056026404491         0.00178762618452
      11               18               370            0.00000044585144            0.00065396539867         -0.00268696458079
      11               19               371            0.00000044038495            0.00064316100907         -0.01342395227402
      11               20               372            0.00000002289013            0.00011864061526         0.01974115334451
      11               21               373            0.00000032196991            0.00059971568407         0.02149589732289
      11               22               374            0.00000018232184            0.00038044407847         -0.00447468040511
      11               23               375            0.00000000303776            0.00004809444727         0.01166920922697
      11               24               376            0.00000001883694            0.00007685247692         0.00894927140325
      11               25               377            0.00000000030369            0.00001846486339         0.01430136803538
      11               26               378            0.00000028142975            0.00062423234340         -0.07475299388170
      12                0               384            0.00000369550776            0.00328437471762         0.19610588252544
      12                1               385            0.00000000138690            0.00004406252992         -0.21533203125000
      12                2               386            0.00000240617646            0.00167613639496         -0.13778690993786
      12                3               387            0.00000018338736            0.00042135533295         -0.06536840647459
      12                4               388            0.00000328588158            0.00225284392945         0.11792025715113
      12                5               389            0.00000024633175            0.00054448767332         -0.05896012857556
      12                6               390            0.00000902316151            0.00628551188856         0.05896012857556
      12                7               391            0.00000426386350            0.00278793997131         0.14419583976269
      12                8               392            0.00000020696008            0.00045746116666         -0.05896012857556
      12                9               393            0.00000446117065            0.00310764019378         -0.33325165510178
      12               10               394            0.00000172266414            0.00197357544675         0.33325165510178
      12               11               395            0.00000028339176            0.00062640447868         -0.05896012857556
      12               12               396            0.00000246467721            0.00250478507951         0.43066406250000
      12               13               397            0.00000355878296            0.00247903913260         -0.40502959489822
      12               14               398            0.00000172266414            0.00197357544675         0.49731415510178
      12               15               399            0.00000022354243            0.00049411453074         -0.05896012857556
      12               16               400            0.00000543753049            0.00288502569310         -0.00000000000000
      12               17               401            0.00000442785722            0.00202168012038         -0.01305740699172
      12               18               402            0.00000352023653            0.00249157962389         0.01962646842003
      12               19               403            0.00000347364062            0.00244920467958         0.09805294126272
      12               20               404            0.00000024817101            0.00052968051750         -0.14419583976269
      12               21               405            0.00000268753047            0.00234932778403         -0.15701307356358
      12               22               406            0.00000156372323            0.00151070812717         0.03268453106284
      12               23               407            0.00000004593781            0.00025359037681         -0.08523572236300
      12               24               408            0.00000019143692            0.00033219618490         -0.06536840647459
      12               25               409            0.00000000739421            0.00012353900820         -0.10446187853813
      12               26               410            0.00000244968032            0.00249715312384         0.54602032899857
      13                0               416            0.00000525030418            0.00322440848686         -0.18443305790424
      13                1               417            0.00000000348585            0.00005753658479         0.20251479744911
      13                2               418            0.00000332227501            0.00162220455240         0.12958540022373
      13                3               419            0.00000029444828            0.00043975474546         0.06147747859359
      13                4               420            0.00000452863378            0.00217836652882         -0.11090127378702
      13                5               421            0.00000039340307            0.00056674663210         0.05545063689351
      13                6               422            0.00001245853127            0.00608326727524         -0.05545063689351
      13                7               423            0.00000584472900            0.00268847611733         -0.13561286032200
      13                8               424            0.00000033052470            0.00047616241500         0.05545063689351
      13                9               425            0.00000615966292            0.00300764781423         0.31341546773911
      13               10               426            0.00000252436416            0.00196775794029         -0.31341546773911
      13               11               427            0.00000045258957            0.00065201224061         0.05545063689351
      13               12               428            0.00000355878296            0.00247903913260         -0.40502959489822
      13               13               429            0.00000491371111            0.00239927298389         0.38092100620270
      13               14               430            0.00000252436416            0.00196775794029         -0.46771246194839
      13               15               431            0.00000035700748            0.00051431421889         0.05545063689351
      13               16               432            0.00000728114719            0.00274973548949         0.00000000000000
      13               17               433            0.00000583296151            0.00191118358634         0.01228018943220
      13               18               434            0.00000486941599            0.00241362326778         -0.01845823973417
      13               19               435            0.00000480284189            0.00237205089070         -0.09221652895212
      13               20               436            0.00000039443916            0.00055001012515         0.13561286032200
      13               21               437            0.00000381071050            0.00230415724218         0.14766716957092
      13               22               438            0.00000224403107            0.00149058678653         -0.03073904663324
      13               23               439            0.00000008400315            0.00028244740679         0.08016222715378
      13               24               440            0.00000029589461            0.00034016725840         0.06147747859359
      13               25               441            0.00000001637321            0.00015141440963         0.09824398159981
      13               26               442            0.00000353844666            0.00247194594704         -0.51351952552795
      14                0               448            0.00000259679427            0.00259476131760         0.22645545005798
      14                1               449            0.00000000080237            0.00003158629625         -0.24865707755089
      14                2               450            0.00000170678175            0.00133044715039         -0.15911096334457
      14                3               451            0.00000012373056            0.00032618598198         -0.07548490166664
      14                4               452            0.00000233218634            0.00178875052370         0.13616973161697
      14                5               453            0.00000016649636            0.00042188420775         -0.06808486580849
      14                6               454            0.00000640043118            0.00498917698860         0.06808486580849
      14                7               455            0.00000303171828            0.00221558893099         0.16651175916195
      14                8               456            0.00000013988493            0.00035445363028         -0.06808486580849
      14                9               457            0.00000316445789            0.00246671494097         -0.38482606410980
      14               10               458            0.00000119817412            0.00155123078730         0.38482606410980
      14               11               459            0.00000019154533            0.00048535561655         -0.06808486580849
      14               12               460            0.00000172266414            0.00197357544675         0.49731415510178
      14               13               461            0.00000252436416            0.00196775794029         -0.46771246194839
      14               14               462            0.00000119817412            0.00155123078730         0.57427906990051
      14               15               463            0.00000015109299            0.00038285367191         -0.06808486580849
      14               16               464            0.00000389604656            0.00230156839825         -0.00000000000000
      14               17               465            0.00000318964908            0.00161714921705         -0.01507818605751
      14               18               466            0.00000249551454            0.00197711493820         0.02266388386488
      14               19               467            0.00000246284026            0.00194363074843         0.11322772502899
      14               20               468            0.00000016800938            0.00041074116598         -0.16651175916195
      14               21               469            0.00000188973047            0.00185664929450         -0.18131259083748
      14               22               470            0.00000109517578            0.00119153154083         0.03774282708764
      14               23               471            0.00000002966480            0.00019205751596         -0.09842690080404
      14               24               472            0.00000013081323            0.00025880380417         -0.07548490166664
      14               25               473            0.00000000447140            0.00009054053226         -0.12062852084637
      14               26               474            0.00000171197144            0.00196744105779         0.63052308559418
      15                0               480            0.00000034767532            0.00065987213748         -0.02684790454805
      15                1               481            0.00000000003229            0.00000440385475         0.02948006428778
      15                2               482            0.00000024138112            0.00034773987136         0.01886373572052
      15                3               483            0.00000001303052            0.00007357018330         0.00894927140325
      15                4               484            0.00000033098050            0.00046834247769         -0.01614389009774
      15                5               485            0.00000001772261            0.00009566407971         0.00807194504887
      15                6               486            0.00000090517915            0.00130402448121         -0.00807194504887
      15                7               487            0.00000043472878            0.00058310688473         -0.01974115334451
      15                8               488            0.00000001488997            0.00008037390216         0.00807194504887
      15                9               489            0.00000044753256            0.00064472696977         0.04562386497855
      15               10               490            0.00000015109299            0.00038285367191         -0.04562386497855
      15               11               491            0.00000002038893            0.00011005650595         0.00807194504887
      15               12               492            0.00000022354243            0.00049411453074         -0.05896012857556
      15               13               493            0.00000035700748            0.00051431421889         0.05545063689351
      15               14               494            0.00000015109299            0.00038285367191         -0.06808486580849
      15               15               495            0.00000001608301            0.00008681374311         0.00807194504887
      15               16               496            0.00000058405800            0.00061934697442         0.00000000000000
      15               17               497            0.00000049315713            0.00044194221846         0.00178762618452
      15               18               498            0.00000035169236            0.00051585485926         -0.00268696458079
      15               19               499            0.00000034738034            0.00050733226817         -0.01342395227402
      15               20               500            0.00000001805598            0.00009358497482         0.01974115334451
      15               21               501            0.00000025397327            0.00047306210035         0.02149589732289
      15               22               502            0.00000014381742            0.00030009832699         -0.00447468040511
      15               23               503            0.00000000239622            0.00003793741416         0.01166920922697
      15               24               504            0.00000001485878            0.00006062204920         0.00894927140325
      15               25               505            0.00000000023956            0.00001456528116         0.01430136803538
      15               26               506            0.00000022199478            0.00049240113003         -0.07475299388170
      16                0               512            0.00000793375239            0.00373175670393         -0.00000000000000
      16                1               513            0.00000000766657            0.00008033531049         0.00000000000000
      16                2               514            0.00000492295385            0.00185916048940         0.00000000000000
      16                3               515            0.00000048344884            0.00053051469149         0.00000000000000
      16                4               516            0.00000670212603            0.00249499571510         -0.00000000000000
      16                5               517            0.00000064360057            0.00068248709431         0.00000000000000
      16                6               518            0.00001846107625            0.00697185192257         -0.00000000000000
      16                7               519            0.00000861769786            0.00307351816446         -0.00000000000000
      16                8               520            0.00000054073263            0.00057340384228         0.00000000000000
      16                9               521            0.00000912740052            0.00344697572291         0.00000000000000
      16               10               522            0.00000389604656            0.00230156839825         -0.00000000000000
      16               11               523            0.00000074042867            0.00078516558278         0.00000000000000
      16               12               524            0.00000543753049            0.00288502569310         -0.00000000000000
      16               13               525            0.00000728114719            0.00274973548949         0.00000000000000
      16               14               526            0.00000389604656            0.00230156839825         -0.00000000000000
      16               15               527            0.00000058405800            0.00061934697442         0.00000000000000
      16               16               528            0.00001056392830            0.00311831431463         0.00000000000000
      16               17               529            0.00000836773961            0.00215515284799         0.00000000000000
      16               18               530            0.00000722461164            0.00276792608202         -0.00000000000000
      16               19               531            0.00000712367819            0.00271983887069         -0.00000000000000
      16               20               532            0.00000064320932            0.00066126108868         0.00000000000000
      16               21               533            0.00000575059903            0.00266490573995         0.00000000000000
      16               22               534            0.00000341431519            0.00173105485737         -0.00000000000000
      16               23               535            0.00000015041577            0.00035583827412         0.00000000000000
      16               24               536            0.00000047351134            0.00040514019202         0.00000000000000
      16               25               537            0.00000003321427            0.00020303871133         0.00000000000000
      16               26               538            0.00000540783321            0.00287713645957         -0.00000000000000
      17                0               544            0.00000642257373            0.00260732625611         -0.00594578124583
      17                1               545            0.00000000754611            0.00006189198757         0.00652870349586
      17                2               546            0.00000394380186            0.00129219598603         0.00417759409174
      17                3               547            0.00000040898252            0.00037891464308         0.00198192032985
      17                4               548            0.00000536550488            0.00173354707658         -0.00357525236905
      17                5               549            0.00000054343269            0.00048699660692         0.00178762618452
      17                6               550            0.00001478925697            0.00484573468566         -0.00178762618452
      17                7               551            0.00000688531145            0.00213338271715         -0.00437190802768
      17                8               552            0.00000045657478            0.00040915899444         0.00178762618452
      17                9               553            0.00000731200453            0.00239579542540         0.01010393630713
      17               10               554            0.00000318964908            0.00161714921705         -0.01010393630713
      17               11               555            0.00000062519075            0.00056026404491         0.00178762618452
      17               12               556            0.00000442785722            0.00202168012038         -0.01305740699172
      17               13               557            0.00000583296151            0.00191118358634         0.01228018943220
      17               14               558            0.00000318964908            0.00161714921705         -0.01507818605751
      17               15               559            0.00000049315713            0.00044194221846         0.00178762618452
      17               16               560            0.00000836773961            0.00215515284799         0.00000000000000
      17               17               561            0.00000658807357            0.00148497812916         0.00039589064545
      17               18               562            0.00000579157313            0.00192447518930         -0.00059505959507
      17               19               563            0.00000570973452            0.00189088797197         -0.00297289062291
      17               20               564            0.00000054217435            0.00047144727432         0.00437190802768
      17               21               565            0.00000465190078            0.00186126132030         0.00476051680744
      17               22               566            0.00000277410595            0.00121167837642         -0.00099097017664
      17               23               567            0.00000013317121            0.00026000276557         0.00258428230882
      17               24               568            0.00000039517721            0.00028741068672         0.00198192032985
      17               25               569            0.00000003136929            0.00015322714171         0.00316720455885
      17               26               570            0.00000440427038            0.00201628822833         -0.01655492186546
      18                0               576            0.00000519688138            0.00324179418385         0.00893704872578
      18                1               577            0.00000000337241            0.00005718947796         -0.00981323421001
      18                2               578            0.00000329232603            0.00163190718740         -0.00627930322662
      18                3               579            0.00000029000159            0.00044102419633         -0.00297900638543
      18                4               580            0.00000448814626            0.00219147768803         0.00537392916158
      18                5               581            0.00000038754609            0.00056844437495         -0.00268696458079
      18                6               582            0.00001234622323            0.00611965218559         0.00268696458079
      18                7               583            0.00000579376592            0.00270495889708         0.00657137529925
      18                8               584            0.00000032560385            0.00047758879373         -0.00268696458079
      18                9               585            0.00000610413599            0.00302563700825         -0.01518713403493
      18               10               586            0.00000249551454            0.00197711493820         0.01518713403493
      18               11               587            0.00000044585144            0.00065396539867         -0.00268696458079
      18               12               588            0.00000352023653            0.00249157962389         0.01962646842003
      18               13               589            0.00000486941599            0.00241362326778         -0.01845823973417
      18               14               590            0.00000249551454            0.00197711493820         0.02266388386488
      18               15               591            0.00000035169236            0.00051585485926         -0.00268696458079
      18               16               592            0.00000722461164            0.00276792608202         -0.00000000000000
      18               17               593            0.00000579157313            0.00192447518930         -0.00059505959507
      18               18               594            0.00000482515634            0.00242796796374         0.00089442858007
      18               19               595            0.00000475927345            0.00238616997376         0.00446852436289
      18               20               596            0.00000038864263            0.00055171153508         -0.00657137529925
      18               21               597            0.00000377224114            0.00231667491607         -0.00715548917651
      18               22               598            0.00000222028461            0.00149831583258         0.00148951809388
      18               23               599            0.00000008230119            0.00028251993353         -0.00388441095129
      18               24               600            0.00000029187726            0.00034141322249         -0.00297900638543
      18               25               601            0.00000001591956            0.00015087665815         -0.00476059596986
      18               26               602            0.00000350006712            0.00248443149030         0.02488355152309
      19                0               608            0.00000512727456            0.00318640610203         0.04464908689260
      19                1               609            0.00000000334559            0.00005636717106         -0.04902647063136
      19                2               610            0.00000324731377            0.00160379905719         -0.03137111291289
      19                3               611            0.00000028646090            0.00043374919915         -0.01488297991455
      19                4               612            0.00000442670489            0.00215371209197         0.02684790454805
      19                5               613            0.00000038279447            0.00055905291811         -0.01342395227402
      19                6               614            0.00001217742647            0.00601424649358         0.01342395227402
      19                7               615            0.00000571414512            0.00265827332623         0.03283029049635
      19                8               616            0.00000032161168            0.00046969839605         -0.01342395227402
      19                9               617            0.00000602068076            0.00297352299094         -0.07587422430515
      19               10               618            0.00000246284026            0.00194363074843         0.07587422430515
      19               11               619            0.00000044038495            0.00064316100907         -0.01342395227402
      19               12               620            0.00000347364062            0.00244920467958         0.09805294126272
      19               13               621            0.00000480284189            0.00237205089070         -0.09221652895212
      19               14               622            0.00000246284026            0.00194363074843         0.11322772502899
      19               15               623            0.00000034738034            0.00050733226817         -0.01342395227402
      19               16               624            0.00000712367819            0.00271983887069         -0.00000000000000
      19               17               625            0.00000570973452            0.00189088797197         -0.00297289062291
      19               18               626            0.00000475927345            0.00238616997376         0.00446852436289
      19               19               627            0.00000469427005            0.00234508654103         0.02232454344630
      19               20               628            0.00000038385954            0.00054258381715         -0.03283029049635
      19               21               629            0.00000372164368            0.00227707088925         -0.03574849665165
      19               22               630            0.00000219076287            0.00147278897930         0.00744156446308
      19               23               631            0.00000008139914            0.00027803514968         -0.01940633915365
      19               24               632            0.00000028820642            0.00033571891254         -0.01488297991455
      19               25               633            0.00000001577401            0.00014861801174         -0.02378372102976
      19               26               634            0.00000345375088            0.00244218274020         0.12431708723307
      20                0               640            0.00000038530487            0.00070675014285         -0.06566058099270
      20                1               641            0.00000000003840            0.00000488599289         0.07209791988134
      20                2               642            0.00000026668954            0.00037187468843         0.04613409936428
      20                3               643            0.00000001463793            0.00007933259621         0.02188678644598
      20                4               644            0.00000036561229            0.00050079909852         -0.03948230668902
      20                5               645            0.00000001989672            0.00010312562517         0.01974115334451
      20                6               646            0.00000100008572            0.00139453017619         -0.01974115334451
      20                7               647            0.00000047993990            0.00062333745882         -0.04827995225787
      20                8               648            0.00000001671659            0.00008664285269         0.01974115334451
      20                9               649            0.00000049445566            0.00068947416730         0.11158000677824
      20               10               650            0.00000016800938            0.00041074116598         -0.11158000677824
      20               11               651            0.00000002289013            0.00011864061526         0.01974115334451
      20               12               652            0.00000024817101            0.00052968051750         -0.14419583976269
      20               13               653            0.00000039443916            0.00055001012515         0.13561286032200
      20               14               654            0.00000016800938            0.00041074116598         -0.16651175916195
      20               15               655            0.00000001805598            0.00009358497482         0.01974115334451
      20               16               656            0.00000064320932            0.00066126108868         0.00000000000000
      20               17               657            0.00000054217435            0.00047144727432         0.00437190802768
      20               18               658            0.00000038864263            0.00055171153508         -0.00657137529925
      20               19               659            0.00000038385954            0.00054258381715         -0.03283029049635
      20               20               660            0.00000002025991            0.00010085681424         0.04827995225787
      20               21               661            0.00000028140141            0.00050661503337         0.05257144197822
      20               22               662            0.00000015955590            0.00032159188413         -0.01094350311905
      20               23               663            0.00000000273325            0.00004122262544         0.02853880263865
      20               24               664            0.00000001662013            0.00006522993499         0.02188678644598
      20               25               665            0.00000000027997            0.00001601994700         0.03497614338994
      20               26               666            0.00000024646283            0.00052785442676         -0.18281967937946
      21                0               672            0.00000400323597            0.00307041965425         -0.07149699330330
      21                1               673            0.00000000190025            0.00004632650962         0.07850653678179
      21                2               674            0.00000257651050            0.00155789463315         0.05023485049605
      21                3               675            0.00000020880748            0.00040384370368         0.02383225224912
      21                4               676            0.00000351588665            0.00209314376116         -0.04299179464579
      21                5               677            0.00000027986493            0.00052128906827         0.02149589732289
      21                6               678            0.00000966191419            0.00584210501984         -0.02149589732289
      21                7               679            0.00000455231020            0.00258746347390         -0.05257144197822
      21                8               680            0.00000023513357            0.00043797038961         0.02149589732289
      21                9               681            0.00000477697813            0.00288841407746         0.12149809300900
      21               10               682            0.00000188973047            0.00185664929450         -0.12149809300900
      21               11               683            0.00000032196991            0.00059971568407         0.02149589732289
      21               12               684            0.00000268753047            0.00234932778403         -0.15701307356358
      21               13               685            0.00000381071050            0.00230415724218         0.14766716957092
      21               14               686            0.00000188973047            0.00185664929450         -0.18131259083748
      21               15               687            0.00000025397327            0.00047306210035         0.02149589732289
      21               16               688            0.00000575059903            0.00266490573995         0.00000000000000
      21               17               689            0.00000465190078            0.00186126132030         0.00476051680744
      21               18               690            0.00000377224114            0.00231667491607         -0.00715548917651
      21               19               691            0.00000372164368            0.00227707088925         -0.03574849665165
      21               20               692            0.00000028140141            0.00050661503337         0.05257144197822
      21               21               693            0.00000290898947            0.00219540437683         0.05724439397454
      21               22               694            0.00000170085502            0.00141517701559         -0.01191624533385
      21               23               695            0.00000005516926            0.00024961616145         0.03107554838061
      21               24               696            0.00000021461318            0.00031592679443         0.02383225224912
      21               25               697            0.00000000961066            0.00012650601275         0.03808508813381
      21               26               698            0.00000267158202            0.00234234682284         -0.19907008111477
      22                0               704            0.00000233940841            0.00197869492695         0.01488312892616
      22                1               705            0.00000000095119            0.00002763072553         -0.01634226553142
      22                2               706            0.00000151724191            0.00100782059599         -0.01045710779727
      22                3               707            0.00000011807097            0.00025600331719         -0.00496102636680
      22                4               708            0.00000207143057            0.00135441124439         0.00894936081022
      22                5               709            0.00000015847907            0.00033069224446         -0.00447468040511
      22                6               710            0.00000568965697            0.00377932726406         0.00447468040511
      22                7               711            0.00000268595454            0.00167548796162         0.01094350311905
      22                8               712            0.00000013314906            0.00027783706901         -0.00447468040511
      22                9               713            0.00000281304187            0.00186854950152         -0.02529157884419
      22               10               714            0.00000109517578            0.00119153154083         0.02529157884419
      22               11               715            0.00000018232184            0.00038044407847         -0.00447468040511
      22               12               716            0.00000156372323            0.00151070812717         0.03268453106284
      22               13               717            0.00000224403107            0.00149058678653         -0.03073904663324
      22               14               718            0.00000109517578            0.00119153154083         0.03774282708764
      22               15               719            0.00000014381742            0.00030009832699         -0.00447468040511
      22               16               720            0.00000341431519            0.00173105485737         -0.00000000000000
      22               17               721            0.00000277410595            0.00121167837642         -0.00099097017664
      22               18               722            0.00000222028461            0.00149831583258         0.00148951809388
      22               19               723            0.00000219076287            0.00147278897930         0.00744156446308
      22               20               724            0.00000015955590            0.00032159188413         -0.01094350311905
      22               21               725            0.00000170085502            0.00141517701559         -0.01191624533385
      22               22               726            0.00000099126942            0.00091076572426         0.00248053809628
      22               23               727            0.00000003011763            0.00015547772637         -0.00646882317960
      22               24               728            0.00000012260510            0.00020130115445         -0.00496102636680
      22               25               729            0.00000000498043            0.00007677180838         -0.00792795978487
      22               26               730            0.00000155428825            0.00150614371523         0.04143930599093
      23                0               736            0.00000007507199            0.00034714565845         -0.03881267830729
      23                1               737            0.00000000000079            0.00000077828071         0.04261786118150
      23                2               738            0.00000005679650            0.00019096930919         0.02727036550641
      23                3               739            0.00000000190729            0.00003186616232         0.01293751690537
      23                4               740            0.00000007830337            0.00025790071231         -0.02333841845393
      23                5               741            0.00000000264050            0.00004180499309         0.01166920922697
      23                6               742            0.00000021298686            0.00071613490582         -0.01166920922697
      23                7               743            0.00000010451674            0.00032369192922         -0.02853880263865
      23                8               744            0.00000000221846            0.00003512321928         0.01166920922697
      23                9               745            0.00000010530353            0.00035406657844         0.06595615297556
      23               10               746            0.00000002966480            0.00019205751596         -0.06595615297556
      23               11               747            0.00000000303776            0.00004809444727         0.01166920922697
      23               12               748            0.00000004593781            0.00025359037681         -0.08523572236300
      23               13               749            0.00000008400315            0.00028244740679         0.08016222715378
      23               14               750            0.00000002966480            0.00019205751596         -0.09842690080404
      23               15               751            0.00000000239622            0.00003793741416         0.01166920922697
      23               16               752            0.00000015041577            0.00035583827412         0.00000000000000
      23               17               753            0.00000013317121            0.00026000276557         0.00258428230882
      23               18               754            0.00000008230119            0.00028251993353         -0.00388441095129
      23               19               755            0.00000008139914            0.00027803514968         -0.01940633915365
      23               20               756            0.00000000273325            0.00004122262544         0.02853880263865
      23               21               757            0.00000005516926            0.00024961616145         0.03107554838061
      23               22               758            0.00000003011763            0.00015547772637         -0.00646882317960
      23               23               759            0.00000000022265            0.00001309225718         0.01686959527433
      23               24               760            0.00000000246376            0.00002794718603         0.01293751690537
      23               25               761            0.00000000001040            0.00000343560487         0.02067477628589
      23               26               762            0.00000004556756            0.00025256632944         -0.10806668549776
      24                0               768            0.00000029421889            0.00044100373634         -0.02976595982909
      24                1               769            0.00000000004379            0.00000372580348         0.03268420323730
      24                2               770            0.00000020006128            0.00022999505745         0.02091400511563
      24                3               771            0.00000001208825            0.00005147980846         0.00992195308208
      24                4               772            0.00000027396050            0.00030955686816         -0.01789854280651
      24                5               773            0.00000001637358            0.00006680224760         0.00894927140325
      24                6               774            0.00000075022979            0.00086248142179         -0.00894927140325
      24                7               775            0.00000035842749            0.00038465711987         -0.02188678644598
      24                8               776            0.00000001375656            0.00005612511086         0.00894927140325
      24                9               777            0.00000037092354            0.00042642225162         0.05058264732361
      24               10               778            0.00000013081323            0.00025880380417         -0.05058264732361
      24               11               779            0.00000001883694            0.00007685247692         0.00894927140325
      24               12               780            0.00000019143692            0.00033219618490         -0.06536840647459
      24               13               781            0.00000029589461            0.00034016725840         0.06147747859359
      24               14               782            0.00000013081323            0.00025880380417         -0.07548490166664
      24               15               783            0.00000001485878            0.00006062204920         0.00894927140325
      24               16               784            0.00000047351134            0.00040514019202         0.00000000000000
      24               17               785            0.00000039517721            0.00028741068672         0.00198192032985
      24               18               786            0.00000029187726            0.00034141322249         -0.00297900638543
      24               19               787            0.00000028820642            0.00033571891254         -0.01488297991455
      24               20               788            0.00000001662013            0.00006522993499         0.02188678644598
      24               21               789            0.00000021461318            0.00031592679443         0.02383225224912
      24               22               790            0.00000012260510            0.00020130115445         -0.00496102636680
      24               23               791            0.00000000246376            0.00002794718603         0.01293751690537
      24               24               792            0.00000001338933            0.00004180734322         0.00992195308208
      24               25               793            0.00000000028962            0.00001163484467         0.01585576124489
      24               26               794            0.00000019016379            0.00033108971547         -0.08287777751684
      25                0               800            0.00000001296704            0.00017518772802         -0.04756744205952
      25                1               801            0.00000000000000            0.00000005344318         0.05223093926907
      25                2               802            0.00000001107031            0.00010237482638         0.03342159092426
      25                3               803            0.00000000018556            0.00001206903653         0.01585576124489
      25                4               804            0.00000001537825            0.00013877982565         -0.02860273607075
      25                5               805            0.00000000026398            0.00001605015859         0.01430136803538
      25                6               806            0.00000004151365            0.00038390560076         -0.01430136803538
      25                7               807            0.00000002099090            0.00017614285753         -0.03497614338994
      25                8               808            0.00000000022179            0.00001348482965         0.01430136803538
      25                9               809            0.00000002052490            0.00018980800814         0.08083351701498
      25               10               810            0.00000000447140            0.00009054053226         -0.08083351701498
      25               11               811            0.00000000030369            0.00001846486339         0.01430136803538
      25               12               812            0.00000000739421            0.00012353900820         -0.10446187853813
      25               13               813            0.00000001637321            0.00015141440963         0.09824398159981
      25               14               814            0.00000000447140            0.00009054053226         -0.12062852084637
      25               15               815            0.00000000023956            0.00001456528116         0.01430136803538
      25               16               816            0.00000003321427            0.00020303871133         0.00000000000000
      25               17               817            0.00000003136929            0.00015322714171         0.00316720455885
      25               18               818            0.00000001591956            0.00015087665815         -0.00476059596986
      25               19               819            0.00000001577401            0.00014861801174         -0.02378372102976
      25               20               820            0.00000000027997            0.00001601994700         0.03497614338994
      25               21               821            0.00000000961066            0.00012650601275         0.03808508813381
      25               22               822            0.00000000498043            0.00007677180838         -0.00792795978487
      25               23               823            0.00000000001040            0.00000343560487         0.02067477628589
      25               24               824            0.00000000028962            0.00001163484467         0.01585576124489
      25               25               825            0.00000000000012            0.00000044470983         0.02533827163279
      25               26               826            0.00000000732259            0.00012293922191         -0.13244269788265
      26                0               832            0.00000367351754            0.00327458814718         0.24863417446613
      26                1               833            0.00000000137195            0.00004382447514         -0.27301016449928
      26                2               834            0.00000239242650            0.00167134054936         -0.17469406127930
      26                3               835            0.00000018210952            0.00041988477460         -0.08287777751684
      26                4               836            0.00000326715417            0.00224641477689         0.14950598776340
      26                5               837            0.00000024462634            0.00054259959143         -0.07475299388170
      26                6               838            0.00000897159953            0.00626752711833         0.07475299388170
      26                7               839            0.00000423975325            0.00278004654683         0.18281967937946
      26                8               840            0.00000020552723            0.00045587486238         -0.07475299388170
      26                9               841            0.00000443567751            0.00309874815866         -0.42251536250114
      26               10               842            0.00000171197144            0.00196744105779         0.42251536250114
      26               11               843            0.00000028142975            0.00062423234340         -0.07475299388170
      26               12               844            0.00000244968032            0.00249715312384         0.54602032899857
      26               13               845            0.00000353844666            0.00247194594704         -0.51351952552795
      26               14               846            0.00000171197144            0.00196744105779         0.63052308559418
      26               15               847            0.00000022199478            0.00049240113003         -0.07475299388170
      26               16               848            0.00000540783321            0.00287713645957         -0.00000000000000
      26               17               849            0.00000440427038            0.00201628822833         -0.01655492186546
      26               18               850            0.00000350006712            0.00248443149030         0.02488355152309
      26               19               851            0.00000345375088            0.00244218274020         0.12431708723307
      26               20               852            0.00000024646283            0.00052785442676         -0.18281967937946
      26               21               853            0.00000267158202            0.00234234682284         -0.19907008111477
      26               22               854            0.00000155428825            0.00150614371523         0.04143930599093
      26               23               855            0.00000004556756            0.00025256632944         -0.10806668549776
      26               24               856            0.00000019016379            0.00033108971547         -0.08287777751684
      26               25               857            0.00000000732259            0.00012293922191         -0.13244269788265
      26               26               858            0.00000243476734            0.00248954049312         0.69227558374405
