5.50861423848695e-06
0.004293999718102404
2.549452116488357e-09
6.397292676748321e-05
3.549853390154216e-06
0.0021800980957309415
2.8577824228150006e-07
0.000563253090176183
4.844493117596957e-06
0.002929236997949877
3.8311956320786957e-07
0.00072714366733591
1.3311950213078311e-05
0.00817536785899103
6.2740675602437835e-06
0.0036214423719128724
3.21884816496894e-07
0.000610922877358538
6.581604335368277e-06
0.004042010049819986
2.596794205379585e-06
0.0025947612925945824
4.4075893728439967e-07
0.0008365406020630834
3.6955078327395674e-06
0.0032843747116576205
5.250303968614749e-06
0.003224408567331949
2.596794205379585e-06
0.0025947612925945824
3.4767533841182777e-07
0.0006598721258143184
7.933752257265186e-06
0.0037317567094704734
6.422573841866209e-06
0.0026073262947525337
5.196881285420893e-06
0.003241794235139359
5.127274597861092e-06
0.0031864061465159553
3.853048847405203e-07
0.0007067501406965885
4.00323593408222e-06
0.0030704195620239946
2.3394084234989098e-06
0.001978695008728676
7.507198779537055e-08
0.000347145666460074
2.9421889176864635e-07
0.00044100372806433525
1.2967035681614172e-08
0.0001751877300728632
3.67351749289946e-06
0.0032745881972882224
2.549452116488357e-09
6.397292676748321e-05
1.2921281843874588e-17
3.1539699356839016e-09
2.3568638863701923e-09
3.8901830480395525e-05
2.452657376506976e-11
3.613594392292942e-06
3.2902501163912893e-09
5.286603691042599e-05
3.558089433649346e-11
4.852811819987498e-06
8.83823957388822e-09
0.00014588186430148322
4.557070981640382e-09
6.758990543505265e-05
2.989393062677808e-11
4.077177445838527e-06
4.369742597097256e-09
7.212592408849032e-05
8.023728036491435e-10
3.158629615103326e-05
4.093395034195225e-11
5.582905145092647e-06
1.3868953321951642e-09
4.40625308360525e-05
3.4858486974180714e-09
5.75365832076591e-05
8.023728036491435e-10
3.158629615103326e-05
3.228913547472365e-11
4.403854967979392e-06
7.666567922108281e-09
8.03353070090551e-05
7.546112622895486e-09
6.18919878669086e-05
3.372408981131667e-09
5.7189477029502384e-05
3.345591039787898e-09
5.636716957681131e-05
3.8398516619281206e-11
4.885992869978316e-06
1.900251055989655e-09
4.632650973379672e-05
9.511937042596324e-10
2.763072472517948e-05
7.867975969147444e-13
7.782807017846437e-07
4.378869690391448e-11
3.7258035558494744e-06
2.516251459469289e-15
5.344318241077906e-08
1.3719498873099525e-09
4.3824474705685485e-05
3.549853390154216e-06
0.0021800980957309415
2.3568638863701923e-09
3.8901830480395525e-05
2.246267895808003e-06
0.0010968104960000008
1.9908338200529784e-07
0.00029732847496953226
3.0619151383661723e-06
0.0014728445427110352
2.659890297446034e-07
0.0003831906645506056
8.423504609280009e-06
0.004113039360000002
3.951758059452997e-06
0.0018177416263599141
2.2347548455278124e-07
0.00032194455357340256
4.1646921426257166e-06
0.002033541085266462
1.7067816965072806e-06
0.001330447151746396
3.0600640984738893e-07
0.0004408407356452075
2.4061764644724234e-06
0.0016761364438371926
3.32227502145386e-06
0.0016222046003192667
1.7067816965072806e-06
0.001330447151746396
2.413811113062711e-07
0.0003477398618289833
4.922953884949215e-06
0.0018591605026746201
3.943801897529476e-06
0.001292195942143747
3.292326088079988e-06
0.0016319072237653254
3.247313724331381e-06
0.0016037990880375767
2.66689538513664e-07
0.0003718746992019131
2.576510510126878e-06
0.001557894650413714
1.5172418963657236e-06
0.0010078206264524804
5.679649762827336e-08
0.00019096930339849056
2.0006127488811195e-07
0.0002299950530233703
1.1070307320211081e-08
0.00010237482370025841
2.3924265581836195e-06
0.0016713405075359795
2.8577824228150006e-07
0.000563253090176183
2.452657376506976e-11
3.613594392292942e-06
1.9908338200529784e-07
0.00029732847496953226
1.0550219106081383e-08
6.232580744046816e-05
2.7304097861939625e-07
0.00040049069162023573
1.4358931191788625e-08
8.107039522448535e-05
7.465626825198668e-07
0.0011149817811357458
3.5885718519901614e-07
0.0004987879782713713
1.2063915225474113e-08
6.811275590227579e-05
3.6911046910839444e-07
0.0005512617465598765
1.237305532332041e-07
0.00032618598170759596
1.6519196252055485e-08
9.326723215379898e-05
1.833873506419853e-07
0.0004213553334364543
2.9444829285816015e-07
0.00043975474492677255
1.237305532332041e-07
0.00032618598170759596
1.3030517730645385e-08
7.357018487609981e-05
4.834488394281648e-07
0.0005305147182351227
4.0898252392109517e-07
0.00037891463370752374
2.900015850685957e-07
0.0004410241835510828
2.864608972741516e-07
0.0004337492009671529
1.4637931554064922e-08
7.933259738705992e-05
2.0880748061143242e-07
0.00040384371571929354
1.1807097421485013e-07
0.00025600330861208644
1.9072939251296043e-09
3.18661630874489e-05
1.2088253272051139e-08
5.147980934567112e-05
1.8555908084918694e-10
1.2069036760930157e-05
1.8210951884014226e-07
0.00041988477822479643
4.844493117596957e-06
0.002929236997949877
3.2902501163912893e-09
5.286603691042599e-05
3.0619151383661723e-06
0.0014728445427110352
2.7304097861939625e-07
0.00040049069162023573
4.173422372845088e-06
0.0019777255175044846
3.6472273198642927e-07
0.0005160882670557169
1.1482181768873146e-05
0.005523167035166382
5.385093760890777e-06
0.002440580436389275
3.064283866757295e-07
0.00043360087317518946
5.676942604191628e-06
0.0027307268673451707
2.3321862351696192e-06
0.0017887504900181653
4.1959434910553127e-07
0.0005937324479799699
3.2858814786782393e-06
0.0022528438515524883
4.528633561913693e-06
0.0021783664556953384
2.3321862351696192e-06
0.0017887504900181653
3.309804861128102e-07
0.0004683424709419393
6.702125903494668e-06
0.002494995713062879
5.365504980112676e-06
0.0017335470784400693
4.488146405329438e-06
0.002191477736977266
4.426705068744626e-06
0.002153712081501095
3.656122806717929e-07
0.0005007991020624455
3.515886663315097e-06
0.0020931438329287147
2.071430657751677e-06
0.0013544112150673387
7.83033735196884e-08
0.00025790070823709585
2.7396048268208027e-07
0.00030955687400029624
1.5378252045659114e-08
0.0001387798224860986
3.2671541115689973e-06
0.0022464148127044653
3.8311956320786957e-07
0.00072714366733591
3.558089433649346e-11
4.852811819987498e-06
2.659890297446034e-07
0.0003831906645506056
1.4358931191788625e-08
8.107039522448535e-05
3.6472273198642927e-07
0.0005160882670557169
1.952936494939165e-08
0.0001054166844525222
9.974588615422628e-07
0.001436964992064771
4.790477878927952e-07
0.0006425525227910091
1.6407948475408687e-08
8.856773025787919e-05
4.931568599939927e-07
0.0007104545066773457
1.6649636669238026e-07
0.00042188419398894874
2.2467508755909595e-08
0.0001212763593231832
2.4633175994643357e-07
0.0005444876971914259
3.934030803495826e-07
0.0005667466359050861
1.6649636669238026e-07
0.00042188419398894874
1.7722609910326714e-08
9.566408234130783e-05
6.436005868064134e-07
0.0006824871061826033
5.43432680091352e-07
0.00048699660952134985
3.8754609617477156e-07
0.0005684443590722281
3.827944777577355e-07
0.0005590529002423699
1.9896716740591387e-08
0.0001031256229759046
2.798649243799357e-07
0.0005212890438361754
1.5847906979995632e-07
0.00033069225274739224
2.6405005983096663e-09
4.180499308096911e-05
1.6373581174200237e-08
6.680224411255695e-05
2.6397786140472513e-10
1.6050158144358463e-05
2.446263383507805e-07
0.0005425996055584574
1.3311950213078311e-05
0.00817536785899103
8.83823957388822e-09
0.00014588186430148322
8.423504609280009e-06
0.004113039360000002
7.465626825198668e-07
0.0011149817811357458
1.1482181768873146e-05
0.005523167035166382
9.974588615422628e-07
0.001436964992064771
3.1588142284800034e-05
0.015423897600000009
1.4819092722948738e-05
0.006816531098849677
8.380330670729294e-07
0.0012072920759002594
1.5617595534846436e-05
0.0076257790697492325
6.400431361902301e-06
0.0049891768190489846
1.1475240369277084e-06
0.001653152758669528
9.023161741771585e-06
0.006285511664389471
1.2458531330451974e-05
0.0060832672511972495
6.400431361902301e-06
0.0049891768190489846
9.051791673985165e-07
0.0013040244818586873
1.8461077068559554e-05
0.006971851885029825
1.4789257115735532e-05
0.004845734783039051
1.2346222830299954e-05
0.006119652089119971
1.2177426466242678e-05
0.006014246580140913
1.0000857694262398e-06
0.001394530122007174
9.66191441297579e-06
0.005842104939051427
5.689657111371464e-06
0.0037793273491968015
2.1298686610602506e-07
0.0007161348877443395
7.502297808304198e-07
0.0008624814488376386
4.1513652450791555e-08
0.00038390558887596907
8.971599593188572e-06
0.006267526903259922
6.2740675602437835e-06
0.0036214423719128724
4.557070981640382e-09
6.758990543505265e-05
3.951758059452997e-06
0.0018177416263599141
3.5885718519901614e-07
0.0004987879782713713
5.385093760890777e-06
0.002440580436389275
4.790477878927952e-07
0.0006425525227910091
1.4819092722948738e-05
0.006816531098849677
6.94397639141645e-06
0.0030107677315206775
4.0248064601037324e-07
0.0005398521003637223
7.326755535470851e-06
0.003370183174835301
3.0317181701711305e-06
0.0022155890449395833
5.511193219478326e-07
0.0007392229327143839
4.263863492755382e-06
0.0027879400705463483
5.844728990807712e-06
0.0026884761216516262
3.0317181701711305e-06
0.0022155890449395833
4.347287838201521e-07
0.0005831069129913566
8.617697979117885e-06
0.003073518215696691
6.885311224057569e-06
0.002133382709893895
5.79376613507319e-06
0.0027049589566170854
5.714145176007423e-06
0.0026582733006325853
4.799398718174944e-07
0.0006233374407101794
4.55231031600816e-06
0.002587463381939709
2.685954625703764e-06
0.0016754879981344725
1.045167406931154e-07
0.0003236919293212448
3.584274767173588e-07
0.0003846571259717708
2.0990903996300737e-08
0.00017614286479273073
4.239753121527123e-06
0.002780046576463526
3.21884816496894e-07
0.000610922877358538
2.989393062677808e-11
4.077177445838527e-06
2.2347548455278124e-07
0.00032194455357340256
1.2063915225474113e-08
6.811275590227579e-05
3.064283866757295e-07
0.00043360087317518946
1.6407948475408687e-08
8.856773025787919e-05
8.380330670729294e-07
0.0012072920759002594
4.0248064601037324e-07
0.0005398521003637223
1.3785434081923518e-08
7.44117772606039e-05
4.1433463761082655e-07
0.0005969011777849392
1.398849278054187e-07
0.0003544536207653605
1.8876483029175072e-08
0.00010189252237420682
2.0696007450993567e-07
0.00045746116702525635
3.305246990452749e-07
0.0004761624161686595
1.398849278054187e-07
0.0003544536207653605
1.4889970616656756e-08
8.037390555560938e-05
5.407326502642565e-07
0.0005734038614360453
4.5657477536513094e-07
0.000409158991981147
3.256038480698018e-07
0.0004775887889321447
3.21611690088036e-07
0.000469698385276493
1.671658571363809e-08
8.664285360368432e-05
2.351335678963374e-07
0.0004379703996634804
1.3314905110569817e-07
0.0002778370652787181
2.2184642398062413e-09
3.512321953452587e-05
1.3756559773469129e-08
5.6125111199514524e-05
2.217857651696057e-10
1.3484830077027068e-05
2.0552723377277713e-07
0.0004558748527589769
6.581604335368277e-06
0.004042010049819986
4.369742597097256e-09
7.212592408849032e-05
4.1646921426257166e-06
0.002033541085266462
3.6911046910839444e-07
0.0005512617465598765
5.676942604191628e-06
0.0027307268673451707
4.931568599939927e-07
0.0007104545066773457
1.5617595534846436e-05
0.0076257790697492325
7.326755535470851e-06
0.003370183174835301
4.1433463761082655e-07
0.0005969011777849392
7.72154589184001e-06
0.0037702860800000026
3.1644579588599656e-06
0.002466715038485589
5.673510684379453e-07
0.0008173405991855318
4.461170563876394e-06
0.003107640139737823
6.159662746955456e-06
0.0030076478256618423
3.1644579588599656e-06
0.002466715038485589
4.475325581207593e-07
0.0006447269592997402
9.12740078840052e-06
0.0034469758268008822
7.3120044164657745e-06
0.0023957953977894026
6.104135938361097e-06
0.0030256369709922228
6.0206807823778425e-06
0.00297352309257742
4.944556380123188e-07
0.0006894741454025957
4.7769783367972566e-06
0.002888413987363153
2.8130417640964087e-06
0.0018685494512901723
1.0530352494578334e-07
0.0003540665647363996
3.709235310379114e-07
0.0004264222410678514
2.0524899099958366e-08
0.00018980800316063543
4.43567755532221e-06
0.003098748235852507
2.596794205379585e-06
0.0025947612925945824
8.023728036491435e-10
3.158629615103326e-05
1.7067816965072806e-06
0.001330447151746396
1.237305532332041e-07
0.00032618598170759596
2.3321862351696192e-06
0.0017887504900181653
1.6649636669238026e-07
0.00042188419398894874
6.400431361902301e-06
0.0049891768190489846
3.0317181701711305e-06
0.0022155890449395833
1.398849278054187e-07
0.0003544536207653605
3.1644579588599656e-06
0.002466715038485589
1.1981740968686317e-06
0.0015512308023705595
1.9154532603502368e-07
0.0004853556092064239
1.7226641008132182e-06
0.0019735755233702534
2.5243641722177963e-06
0.00196775787423233
1.1981740968686317e-06
0.0015512308023705595
1.510929907870704e-07
0.00038285366763201624
3.896046447246962e-06
0.0023015683691955478
3.1896489868103958e-06
0.0016171492003081748
2.495514644842625e-06
0.001977114956896028
2.4628401582105327e-06
0.0019436307810904675
1.6800938183893768e-07
0.0004107411604251364
1.8897304968443989e-06
0.001856649306411642
1.0951757863524603e-06
0.0011915315952801553
2.9664797657283915e-08
0.0001920575118655249
1.3081323180080108e-07
0.0002588037908436097
4.471403041287472e-09
9.054053450945786e-05
1.7119714298825733e-06
0.001967440943159719
4.4075893728439967e-07
0.0008365406020630834
4.093395034195225e-11
5.582905145092647e-06
3.0600640984738893e-07
0.0004408407356452075
1.6519196252055485e-08
9.326723215379898e-05
4.1959434910553127e-07
0.0005937324479799699
2.2467508755909595e-08
0.0001212763593231832
1.1475240369277084e-06
0.001653152758669528
5.511193219478326e-07
0.0007392229327143839
1.8876483029175072e-08
0.00010189252237420682
5.673510684379453e-07
0.0008173405991855318
1.9154532603502368e-07
0.0004853556092064239
2.5847688903606596e-08
0.00013952208236363232
2.8339175328010427e-07
0.0006264045009059284
4.5258958369925823e-07
0.0006520122409293436
1.9154532603502368e-07
0.0004853556092064239
2.0388931968330033e-08
0.00011005650276899262
7.404286753232127e-07
0.0007851655736727215
6.251907591383406e-07
0.0005602640237853739
4.458514309957884e-07
0.0006539653822742731
4.403849435464449e-07
0.000643161002099219
2.2890127699570443e-08
0.0001186406134133892
3.2196989790874127e-07
0.0005997156685381029
1.823218470024977e-07
0.0003804440699104732
3.0377572679010715e-09
4.8094449078164796e-05
1.8836945253992994e-08
7.685247361614983e-05
3.0369266629234154e-10
1.8464864043279628e-05
2.8142975529746914e-07
0.0006242323506385947
3.6955078327395674e-06
0.0032843747116576205
1.3868953321951642e-09
4.40625308360525e-05
2.4061764644724234e-06
0.0016761364438371926
1.833873506419853e-07
0.0004213553334364543
3.2858814786782393e-06
0.0022528438515524883
2.4633175994643357e-07
0.0005444876971914259
9.023161741771585e-06
0.006285511664389471
4.263863492755382e-06
0.0027879400705463483
2.0696007450993567e-07
0.00045746116702525635
4.461170563876394e-06
0.003107640139737823
1.7226641008132182e-06
0.0019735755233702534
2.8339175328010427e-07
0.0006264045009059284
2.4646771242284227e-06
0.002504785022511975
3.5587829840088534e-06
0.0024790392322754247
1.7226641008132182e-06
0.0019735755233702534
2.2354242963701054e-07
0.0004941145338469557
5.4375306524936235e-06
0.002885025582660846
4.427857055419015e-06
0.0020216800806772055
3.5202365844562534e-06
0.0024915796675757
3.4736406764972327e-06
0.0024492047497042223
2.481710113342467e-07
0.0005296804892844808
2.687530369952152e-06
0.0023493278447167935
1.5637231957759573e-06
0.0015107081682058715
4.593781507023961e-08
0.0002535903730518585
1.914369283208243e-07
0.00033219618941355536
7.3942133312224964e-09
0.00012353901242574016
2.4496804025529112e-06
0.002497153012957915
5.250303968614749e-06
0.003224408567331949
3.4858486974180714e-09
5.75365832076591e-05
3.32227502145386e-06
0.0016222046003192667
2.9444829285816015e-07
0.00043975474492677255
4.528633561913693e-06
0.0021783664556953384
3.934030803495826e-07
0.0005667466359050861
1.2458531330451974e-05
0.0060832672511972495
5.844728990807712e-06
0.0026884761216516262
3.305246990452749e-07
0.0004761624161686595
6.159662746955456e-06
0.0030076478256618423
2.5243641722177963e-06
0.00196775787423233
4.5258958369925823e-07
0.0006520122409293436
3.5587829840088534e-06
0.0024790392322754247
4.913711022080007e-06
0.002399272960000002
2.5243641722177963e-06
0.00196775787423233
3.570074781552871e-07
0.0005143141915860754
7.281146987969941e-06
0.00274973546585266
5.8329616686310075e-06
0.0019111835722799954
4.869415952265366e-06
0.002413623333603066
4.802841768474702e-06
0.0023720508402231776
3.944391467912135e-07
0.0005500100974486723
3.8107104349763255e-06
0.0023041572613779044
2.244031027290245e-06
0.0014905868082865776
8.400315284237332e-08
0.0002824474087571067
2.9589461593667354e-07
0.0003401672708511213
1.6373205332450115e-08
0.00015141440619787156
3.5384465983551767e-06
0.0024719459468272647
2.596794205379585e-06
0.0025947612925945824
8.023728036491435e-10
3.158629615103326e-05
1.7067816965072806e-06
0.001330447151746396
1.237305532332041e-07
0.00032618598170759596
2.3321862351696192e-06
0.0017887504900181653
1.6649636669238026e-07
0.00042188419398894874
6.400431361902301e-06
0.0049891768190489846
3.0317181701711305e-06
0.0022155890449395833
1.398849278054187e-07
0.0003544536207653605
3.1644579588599656e-06
0.002466715038485589
1.1981740968686317e-06
0.0015512308023705595
1.9154532603502368e-07
0.0004853556092064239
1.7226641008132182e-06
0.0019735755233702534
2.5243641722177963e-06
0.00196775787423233
1.1981740968686317e-06
0.0015512308023705595
1.510929907870704e-07
0.00038285366763201624
3.896046447246962e-06
0.0023015683691955478
3.1896489868103958e-06
0.0016171492003081748
2.495514644842625e-06
0.001977114956896028
2.4628401582105327e-06
0.0019436307810904675
1.6800938183893768e-07
0.0004107411604251364
1.8897304968443989e-06
0.001856649306411642
1.0951757863524603e-06
0.0011915315952801553
2.9664797657283915e-08
0.0001920575118655249
1.3081323180080108e-07
0.0002588037908436097
4.471403041287472e-09
9.054053450945786e-05
1.7119714298825733e-06
0.001967440943159719
3.4767533841182777e-07
0.0006598721258143184
3.228913547472365e-11
4.403854967979392e-06
2.413811113062711e-07
0.0003477398618289833
1.3030517730645385e-08
7.357018487609981e-05
3.309804861128102e-07
0.0004683424709419393
1.7722609910326714e-08
9.566408234130783e-05
9.051791673985165e-07
0.0013040244818586873
4.347287838201521e-07
0.0005831069129913566
1.4889970616656756e-08
8.037390555560938e-05
4.475325581207593e-07
0.0006447269592997402
1.510929907870704e-07
0.00038285366763201624
2.0388931968330033e-08
0.00011005650276899262
2.2354242963701054e-07
0.0004941145338469557
3.570074781552871e-07
0.0005143141915860754
1.510929907870704e-07
0.00038285366763201624
1.608300642891077e-08
8.681374013737122e-05
5.840580155875852e-07
0.0006193469569054668
4.931571214292051e-07
0.00044194222190862577
3.5169235162402897e-07
0.0005158548502559785
3.473803281728784e-07
0.0005073322402396372
1.805597622879963e-08
9.358497792926519e-05
2.5397328050460694e-07
0.0004730620989661789
1.4381741240918103e-07
0.0003000983294129983
2.396215247812461e-09
3.79374130494193e-05
1.4858782799000297e-08
6.062204872556009e-05
2.3955600577703205e-10
1.4565281181883953e-05
2.2199478475707054e-07
0.0004924011186092988
7.933752257265186e-06
0.0037317567094704734
7.666567922108281e-09
8.03353070090551e-05
4.922953884949215e-06
0.0018591605026746201
4.834488394281648e-07
0.0005305147182351227
6.702125903494668e-06
0.002494995713062879
6.436005868064134e-07
0.0006824871061826033
1.8461077068559554e-05
0.006971851885029825
8.617697979117885e-06
0.003073518215696691
5.407326502642565e-07
0.0005734038614360453
9.12740078840052e-06
0.0034469758268008822
3.896046447246962e-06
0.0023015683691955478
7.404286753232127e-07
0.0007851655736727215
5.4375306524936235e-06
0.002885025582660846
7.281146987969941e-06
0.00274973546585266
3.896046447246962e-06
0.0023015683691955478
5.840580155875852e-07
0.0006193469569054668
1.0563928395558746e-05
0.0031183144180059706
8.367739474949962e-06
0.002155152864451887
7.224611857660615e-06
0.0027679260358932055
7.123678144076419e-06
0.0027198387730115363
6.432092911213262e-07
0.0006612610984789345
5.7505990279830525e-06
0.0026649057133163313
3.4143152566569265e-06
0.0017310547993634024
1.504157722590235e-07
0.00035583826888884763
4.7351133191550547e-07
0.00040514020645021566
3.3214270135446725e-08
0.00020303871805946652
5.407833221110586e-06
0.0028771364176044018
6.422573841866209e-06
0.0026073262947525337
7.546112622895486e-09
6.18919878669086e-05
3.943801897529476e-06
0.001292195942143747
4.0898252392109517e-07
0.00037891463370752374
5.365504980112676e-06
0.0017335470784400693
5.43432680091352e-07
0.00048699660952134985
1.4789257115735532e-05
0.004845734783039051
6.885311224057569e-06
0.002133382709893895
4.5657477536513094e-07
0.000409158991981147
7.3120044164657745e-06
0.0023957953977894026
3.1896489868103958e-06
0.0016171492003081748
6.251907591383406e-07
0.0005602640237853739
4.427857055419015e-06
0.0020216800806772055
5.8329616686310075e-06
0.0019111835722799954
3.1896489868103958e-06
0.0016171492003081748
4.931571214292051e-07
0.00044194222190862577
8.367739474949962e-06
0.002155152864451887
6.5880734342701295e-06
0.001484978094087215
5.791572933402785e-06
0.0019244751714729707
5.709734684240502e-06
0.0018908880039544178
5.421743497173263e-07
0.000471447274985551
4.651900721387316e-06
0.0018612613109258694
2.7741058792995766e-06
0.0012116783552944832
1.33171209780596e-07
0.00026000276288241746
3.951772188060343e-07
0.0002874107006340479
3.1369294614246e-08
0.0001532271447713633
4.404270410320553e-06
0.002016288271250839
5.196881285420893e-06
0.003241794235139359
3.372408981131667e-09
5.7189477029502384e-05
3.292326088079988e-06
0.0016319072237653254
2.900015850685957e-07
0.0004410241835510828
4.488146405329438e-06
0.002191477736977266
3.8754609617477156e-07
0.0005684443590722281
1.2346222830299954e-05
0.006119652089119971
5.79376613507319e-06
0.0027049589566170854
3.256038480698018e-07
0.0004775887889321447
6.104135938361097e-06
0.0030256369709922228
2.495514644842625e-06
0.001977114956896028
4.458514309957884e-07
0.0006539653822742731
3.5202365844562534e-06
0.0024915796675757
4.869415952265366e-06
0.002413623333603066
2.495514644842625e-06
0.001977114956896028
3.5169235162402897e-07
0.0005158548502559785
7.224611857660615e-06
0.0027679260358932055
5.791572933402785e-06
0.0019244751714729707
4.825156466333236e-06
0.002427968030946942
4.759273654414653e-06
0.0023861700874637545
3.886426314687124e-07
0.0005517115568372642
3.772241228179966e-06
0.002316674807191297
2.2202845031307602e-06
0.0014983158148581313
8.230119380523107e-08
0.00028251991958478913
2.918772693166146e-07
0.0003414132223259392
1.5919558602017118e-08
0.00015087665938090237
3.500067109652633e-06
0.0024844315622655124
5.127274597861092e-06
0.0031864061465159553
3.345591039787898e-09
5.636716957681131e-05
3.247313724331381e-06
0.0016037990880375767
2.864608972741516e-07
0.0004337492009671529
4.426705068744626e-06
0.002153712081501095
3.827944777577355e-07
0.0005590529002423699
1.2177426466242678e-05
0.006014246580140913
5.714145176007423e-06
0.0026582733006325853
3.21611690088036e-07
0.000469698385276493
6.0206807823778425e-06
0.00297352309257742
2.4628401582105327e-06
0.0019436307810904675
4.403849435464449e-07
0.000643161002099219
3.4736406764972327e-06
0.0024492047497042223
4.802841768474702e-06
0.0023720508402231776
2.4628401582105327e-06
0.0019436307810904675
3.473803281728784e-07
0.0005073322402396372
7.123678144076419e-06
0.0027198387730115363
5.709734684240502e-06
0.0018908880039544178
4.759273654414653e-06
0.0023861700874637545
4.694269949187344e-06
0.0023450865934698355
3.838595352240955e-07
0.0005425838012634221
3.7216436212068165e-06
0.0022770707989419724
2.1907627750478603e-06
0.0014727889636592009
8.139914553916077e-08
0.00027803516306063915
2.8820641107868276e-07
0.0003357189166140877
1.577401288899817e-08
0.00014861800913860705
3.4537508388775393e-06
0.0024421826908082285
3.853048847405203e-07
0.0007067501406965885
3.8398516619281206e-11
4.885992869978316e-06
2.66689538513664e-07
0.0003718746992019131
1.4637931554064922e-08
7.933259738705992e-05
3.656122806717929e-07
0.0005007991020624455
1.9896716740591387e-08
0.0001031256229759046
1.0000857694262398e-06
0.001394530122007174
4.799398718174944e-07
0.0006233374407101794
1.671658571363809e-08
8.664285360368432e-05
4.944556380123188e-07
0.0006894741454025957
1.6800938183893768e-07
0.0004107411604251364
2.2890127699570443e-08
0.0001186406134133892
2.481710113342467e-07
0.0005296804892844808
3.944391467912135e-07
0.0005500100974486723
1.6800938183893768e-07
0.0004107411604251364
1.805597622879963e-08
9.358497792926519e-05
6.432092911213262e-07
0.0006612610984789345
5.421743497173263e-07
0.000471447274985551
3.886426314687124e-07
0.0005517115568372642
3.838595352240955e-07
0.0005425838012634221
2.0259913747892535e-08
0.00010085681679758628
2.814014082786556e-07
0.0005066150406345507
1.5955589551717743e-07
0.00032159188127291817
2.7332543997514144e-09
4.1222624006072846e-05
1.6620125897774637e-08
6.522993602312115e-05
2.799689587619415e-10
1.6019947493768926e-05
2.464628207873164e-07
0.0005278544147269792
4.00323593408222e-06
0.0030704195620239946
1.900251055989655e-09
4.632650973379672e-05
2.576510510126878e-06
0.001557894650413714
2.0880748061143242e-07
0.00040384371571929354
3.515886663315097e-06
0.0020931438329287147
2.798649243799357e-07
0.0005212890438361754
9.66191441297579e-06
0.005842104939051427
4.55231031600816e-06
0.002587463381939709
2.351335678963374e-07
0.0004379703996634804
4.7769783367972566e-06
0.002888413987363153
1.8897304968443989e-06
0.001856649306411642
3.2196989790874127e-07
0.0005997156685381029
2.687530369952152e-06
0.0023493278447167935
3.8107104349763255e-06
0.0023041572613779044
1.8897304968443989e-06
0.001856649306411642
2.5397328050460694e-07
0.0004730620989661789
5.7505990279830525e-06
0.0026649057133163313
4.651900721387316e-06
0.0018612613109258694
3.772241228179966e-06
0.002316674807191297
3.7216436212068165e-06
0.0022770707989419724
2.814014082786556e-07
0.0005066150406345507
2.9089894690271498e-06
0.002195404274298973
1.7008550352940358e-06
0.0014151770707698638
5.5169261917205474e-08
0.0002496161480277565
2.1461317813743345e-07
0.00031592680531577165
9.610655984477132e-09
0.0001265060070503284
2.6715819960088327e-06
0.002342346768215333
2.3394084234989098e-06
0.001978695008728676
9.511937042596324e-10
2.763072472517948e-05
1.5172418963657236e-06
0.0010078206264524804
1.1807097421485013e-07
0.00025600330861208644
2.071430657751677e-06
0.0013544112150673387
1.5847906979995632e-07
0.00033069225274739224
5.689657111371464e-06
0.0037793273491968015
2.685954625703764e-06
0.0016754879981344725
1.3314905110569817e-07
0.0002778370652787181
2.8130417640964087e-06
0.0018685494512901723
1.0951757863524603e-06
0.0011915315952801553
1.823218470024977e-07
0.0003804440699104732
1.5637231957759573e-06
0.0015107081682058715
2.244031027290245e-06
0.0014905868082865776
1.0951757863524603e-06
0.0011915315952801553
1.4381741240918103e-07
0.0003000983294129983
3.4143152566569265e-06
0.0017310547993634024
2.7741058792995766e-06
0.0012116783552944832
2.2202845031307602e-06
0.0014983158148581313
2.1907627750478603e-06
0.0014727889636592009
1.5955589551717743e-07
0.00032159188127291817
1.7008550352940358e-06
0.0014151770707698638
9.912693759768826e-07
0.0009107657293824002
3.011762793102393e-08
0.00015547772400351253
1.2260510502698315e-07
0.00020130115289733125
4.9804306295855156e-09
7.677181045038783e-05
1.5542882062615886e-06
0.0015061437155184459
7.507198779537055e-08
0.000347145666460074
7.867975969147444e-13
7.782807017846437e-07
5.679649762827336e-08
0.00019096930339849056
1.9072939251296043e-09
3.18661630874489e-05
7.83033735196884e-08
0.00025790070823709585
2.6405005983096663e-09
4.180499308096911e-05
2.1298686610602506e-07
0.0007161348877443395
1.045167406931154e-07
0.0003236919293212448
2.2184642398062413e-09
3.512321953452587e-05
1.0530352494578334e-07
0.0003540665647363996
2.9664797657283915e-08
0.0001920575118655249
3.0377572679010715e-09
4.8094449078164796e-05
4.593781507023961e-08
0.0002535903730518585
8.400315284237332e-08
0.0002824474087571067
2.9664797657283915e-08
0.0001920575118655249
2.396215247812461e-09
3.79374130494193e-05
1.504157722590235e-07
0.00035583826888884763
1.33171209780596e-07
0.00026000276288241746
8.230119380523107e-08
0.00028251991958478913
8.139914553916077e-08
0.00027803516306063915
2.7332543997514144e-09
4.1222624006072846e-05
5.5169261917205474e-08
0.0002496161480277565
3.011762793102393e-08
0.00015547772400351253
2.226483949948076e-10
1.3092257359872001e-05
2.4637592604331934e-09
2.7947185463863402e-05
1.039862253089863e-11
3.435604780197943e-06
4.556755817649239e-08
0.0002525663414933027
2.9421889176864635e-07
0.00044100372806433525
4.378869690391448e-11
3.7258035558494744e-06
2.0006127488811195e-07
0.0002299950530233703
1.2088253272051139e-08
5.147980934567112e-05
2.7396048268208027e-07
0.00030955687400029624
1.6373581174200237e-08
6.680224411255695e-05
7.502297808304198e-07
0.0008624814488376386
3.584274767173588e-07
0.0003846571259717708
1.3756559773469129e-08
5.6125111199514524e-05
3.709235310379114e-07
0.0004264222410678514
1.3081323180080108e-07
0.0002588037908436097
1.8836945253992994e-08
7.685247361614983e-05
1.914369283208243e-07
0.00033219618941355536
2.9589461593667354e-07
0.0003401672708511213
1.3081323180080108e-07
0.0002588037908436097
1.4858782799000297e-08
6.062204872556009e-05
4.7351133191550547e-07
0.00040514020645021566
3.951772188060343e-07
0.0002874107006340479
2.918772693166146e-07
0.0003414132223259392
2.8820641107868276e-07
0.0003357189166140877
1.6620125897774637e-08
6.522993602312115e-05
2.1461317813743345e-07
0.00031592680531577165
1.2260510502698315e-07
0.00020130115289733125
2.4637592604331934e-09
2.7947185463863402e-05
1.3389331478332783e-08
4.180734436252492e-05
2.8961577339093754e-10
1.1634844676061112e-05
1.901637910731883e-07
0.00033108972353365293
1.2967035681614172e-08
0.0001751877300728632
2.516251459469289e-15
5.344318241077906e-08
1.1070307320211081e-08
0.00010237482370025841
1.8555908084918694e-10
1.2069036760930157e-05
1.5378252045659114e-08
0.0001387798224860986
2.6397786140472513e-10
1.6050158144358463e-05
4.1513652450791555e-08
0.00038390558887596907
2.0990903996300737e-08
0.00017614286479273073
2.217857651696057e-10
1.3484830077027068e-05
2.0524899099958366e-08
0.00018980800316063543
4.471403041287472e-09
9.054053450945786e-05
3.0369266629234154e-10
1.8464864043279628e-05
7.3942133312224964e-09
0.00012353901242574016
1.6373205332450115e-08
0.00015141440619787156
4.471403041287472e-09
9.054053450945786e-05
2.3955600577703205e-10
1.4565281181883953e-05
3.3214270135446725e-08
0.00020303871805946652
3.1369294614246e-08
0.0001532271447713633
1.5919558602017118e-08
0.00015087665938090237
1.577401288899817e-08
0.00014861800913860705
2.799689587619415e-10
1.6019947493768926e-05
9.610655984477132e-09
0.0001265060070503284
4.9804306295855156e-09
7.677181045038783e-05
1.039862253089863e-11
3.435604780197943e-06
2.8961577339093754e-10
1.1634844676061112e-05
1.1816851806365044e-13
4.447098288000001e-07
7.322589598418832e-09
0.00012293922875299116
3.67351749289946e-06
0.0032745881972882224
1.3719498873099525e-09
4.3824474705685485e-05
2.3924265581836195e-06
0.0016713405075359795
1.8210951884014226e-07
0.00041988477822479643
3.2671541115689973e-06
0.0022464148127044653
2.446263383507805e-07
0.0005425996055584574
8.971599593188572e-06
0.006267526903259922
4.239753121527123e-06
0.002780046576463526
2.0552723377277713e-07
0.0004558748527589769
4.43567755532221e-06
0.003098748235852507
1.7119714298825733e-06
0.001967440943159719
2.8142975529746914e-07
0.0006242323506385947
2.4496804025529112e-06
0.002497153012957915
3.5384465983551767e-06
0.0024719459468272647
1.7119714298825733e-06
0.001967440943159719
2.2199478475707054e-07
0.0004924011186092988
5.407833221110586e-06
0.0028771364176044018
4.404270410320553e-06
0.002016288271250839
3.500067109652633e-06
0.0024844315622655124
3.4537508388775393e-06
0.0024421826908082285
2.464628207873164e-07
0.0005278544147269792
2.6715819960088327e-06
0.002342346768215333
1.5542882062615886e-06
0.0015061437155184459
4.556755817649239e-08
0.0002525663414933027
1.901637910731883e-07
0.00033108972353365293
7.322589598418832e-09
0.00012293922875299116
2.434767369121519e-06
0.002489540392018346
