x^-4 function interpolation table: x[0.1,144]
系数表：
2355168.407377383206 -871033.681475476595 73551.684073773838 
22629.518606938022 -15854.678106908919 2803.062521234279 
1825.380695797489 -1889.018329245191 502.198871898299 
316.650586276517 -433.939298555819 153.702525649079 
82.216807688568 -140.307881998717 62.059560561656 
27.429048276413 -56.038962056301 29.717913950428 
10.861938507602 -25.848673853867 15.980931548276 
4.873108628566 -13.238173707576 9.348245249543 
2.404178501751 -7.341152055953 5.829214866369 
1.278219351848 -4.333780749989 3.822051459345 
0.721908144376 -2.690924880783 2.609620862289 
0.428550255823 -1.741880256108 1.842289318029 
0.265266691832 -1.167621176941 1.337506829283 
0.170146173712 -0.806290467075 0.994435571011 
0.112533053284 -0.571212316022 0.754681649121 
0.076442125077 -0.413789443008 0.583044573192 
0.053158313203 -0.305674977819 0.457558426276 
0.037742347751 -0.229754848673 0.364096967315 
0.027297895757 -0.175379235973 0.293332053108 
0.020074554195 -0.135740893693 0.238957829865 
0.014985603660 -0.106383407341 0.196621430426 
0.011339863918 -0.084326041977 0.163261159353 
0.008688031241 -0.067536069477 0.136686674539 
0.006732194680 -0.054602660593 0.115306704702 
0.005271227130 -0.044530790764 0.097948869504 
0.004167080811 -0.036608315006 0.083738245911 
0.003323554410 -0.030318624983 0.072014146358 
0.002672663135 -0.025282268960 0.062272201872 
0.002165736445 -0.021217311869 0.054123481460 
0.001767509806 -0.017912025682 0.047265256700 
0.001452144897 -0.015205819314 0.041459839257 
0.001200511584 -0.012975754203 0.036519088448 
0.000998307609 -0.011126897464 0.032292949858 
0.000834742074 -0.009585344727 0.028660892488 
0.000701603254 -0.008293121990 0.025525452298 
0.000592591520 -0.007204424550 0.022807321794 
0.000502837228 -0.006282817177 0.020441584992 
0.000428549000 -0.005499132080 0.018374808465 
0.000366754866 -0.004829878041 0.016562777501 
0.000315110143 -0.004256027248 0.014968722279 
0.000271753722 -0.003762083485 0.013561918969 
0.000235199757 -0.003335361539 0.012316579732 
0.000204255447 -0.002965426341 0.011210966829 
0.000177958207 -0.002643653720 0.010226681664 
0.000155527341 -0.002362884413 0.009348091202 
0.000136326645 -0.002117149972 0.008561862898 
0.000119835299 -0.001901454501 0.007856585790 
0.000105625071 -0.001711599947 0.007222460387 
0.000093342394 -0.001544045572 0.006651043738 
0.000082694171 -0.001395794407 0.006135038996 
0.000073436502 -0.001264301078 0.005668121000 
0.000065365677 -0.001147396677 0.005244791164 
0.000058310954 -0.001043227258 0.004860256297 
0.000052128731 -0.000950203312 0.004510327047 
0.000046697839 -0.000866958072 0.004191332504 
0.000041915716 -0.000792313013 0.003900048153 
0.000037695284 -0.000725249174 0.003633634900 
0.000033962395 -0.000664883265 0.003389587302 
0.000030653734 -0.000610447676 0.003165689503 
0.000027715088 -0.000561273708 0.002959977598 
0.000025099912 -0.000516777467 0.002770707422 
0.000022768147 -0.000476447949 0.002596326890 
0.000020685231 -0.000439836966 0.002435452199 
0.000018821271 -0.000406550588 0.002286847294 
0.000017150352 -0.000376241863 0.002149406113 
0.000015649961 -0.000348604612 0.002022137191 
0.000014300497 -0.000323368112 0.001904150291 
0.000013084854 -0.000300292544 0.001794644761 
0.000011988080 -0.000279165083 0.001692899380 
0.000010997075 -0.000259796526 0.001598263475 
0.000010100340 -0.000242018379 0.001510149147 
0.000009287766 -0.000225680348 0.001428024440 
0.000008550445 -0.000210648153 0.001351407342 
0.000007880517 -0.000196801635 0.001279860492 
0.000007271032 -0.000184033105 0.001212986524 
0.000006715839 -0.000172245910 0.001150423931 
0.000006209480 -0.000161353175 0.001091843421 
0.000005747108 -0.000151276704 0.001036944672 
0.000005324408 -0.000141946017 0.000985453462 
0.000004937538 -0.000133297505 0.000937119101 
0.000004583069 -0.000125273684 0.000891712158 
0.000004257936 -0.000117822539 0.000849022421 
0.000003959398 -0.000110896947 0.000808857079 
0.000003684996 -0.000104454164 0.000771039098 
0.000003432527 -0.000098455376 0.000735405760 
0.000003200009 -0.000092865291 0.000701807356 
0.000002985661 -0.000087651790 0.000670106012 
0.000002787878 -0.000082785604 0.000640174627 
0.000002605213 -0.000078240037 0.000611895929 
0.000002436360 -0.000073990712 0.000585161610 
0.000002280137 -0.000070015348 0.000559871554 
0.000002135478 -0.000066293556 0.000535933135 
0.000002001413 -0.000062806667 0.000513260584 
0.000001877066 -0.000059537564 0.000491774416 
0.000001761639 -0.000056470541 0.000471400909 
0.000001654409 -0.000053591174 0.000452071628 
0.000001554717 -0.000050886202 0.000433723001 
0.000001461963 -0.000048343426 0.000416295927 
0.000001375602 -0.000045951613 0.000399735415 
0.000001295134 -0.000043700408 0.000383990268 
0.000001220105 -0.000041580261 0.000369012783 
0.000001150097 -0.000039582358 0.000354758481 
0.000001084732 -0.000037698553 0.000341185860 
0.000001023660 -0.000035921316 0.000328256171 
0.000000966563 -0.000034243680 0.000315933212 
0.000000913146 -0.000032659192 0.000304183136 
0.000000863142 -0.000031161875 0.000292974277 
0.000000816304 -0.000029746185 0.000282276994 
0.000000772404 -0.000028406976 0.000272063523 
0.000000731234 -0.000027139471 0.000262307842 
0.000000692601 -0.000025939231 0.000252985546 
0.000000656329 -0.000024802128 0.000244073737 
0.000000622254 -0.000023724321 0.000235550914 
0.000000590225 -0.000022702233 0.000227396878 
0.000000560103 -0.000021732534 0.000219592646 
0.000000531760 -0.000020812115 0.000212120363 
0.000000505075 -0.000019938082 0.000204963230 
0.000000479940 -0.000019107728 0.000198105428 
0.000000456252 -0.000018318528 0.000191532061 
0.000000433917 -0.000017568122 0.000185229089 
0.000000412847 -0.000016854304 0.000179183273 
0.000000392962 -0.000016175009 0.000173382126 
0.000000374185 -0.000015528304 0.000167813860 
0.000000356446 -0.000014912381 0.000162467347 
0.000000339680 -0.000014325543 0.000157332073 
0.000000323828 -0.000013766200 0.000152398102 
0.000000308832 -0.000013232861 0.000147656038 
0.000000294640 -0.000012724127 0.000143096993 
0.000000281203 -0.000012238683 0.000138712556 
0.000000268475 -0.000011775295 0.000134494763 
0.000000256415 -0.000011332803 0.000130436071 
0.000000244982 -0.000010910115 0.000126529332 
0.000000234139 -0.000010506205 0.000122767770 
0.000000223852 -0.000010120107 0.000119144959 
0.000000214088 -0.000009750911 0.000115654803 
0.000000204818 -0.000009397760 0.000112291514 
0.000000196013 -0.000009059847 0.000109049600 
0.000000187646 -0.000008736410 0.000105923841 
0.000000179693 -0.000008426731 0.000102909280 
0.000000172130 -0.000008130132 0.000100001201 
0.000000164936 -0.000007845972 0.000097195125 
0.000000158090 -0.000007573647 0.000094486787 
0.000000151574 -0.000007312587 0.000091872130 
0.000000145369 -0.000007062251 0.000089347293 
0.000000139458 -0.000006822129 0.000086908599 
0.000000133826 -0.000006591737 0.000084552544 
0.000000128457 -0.000006370620 0.000082275790 
0.000000123338 -0.000006158344 0.000080075157 
0.000000118455 -0.000005954500 0.000077947610 
0.000000113797 -0.000005758699 0.000075890256 
0.000000109350 -0.000005570573 0.000073900334 
0.000000105105 -0.000005389775 0.000071975209 
0.000000101051 -0.000005215973 0.000070112365 
0.000000097179 -0.000005048853 0.000068309401 
0.000000093478 -0.000004888117 0.000066564022 
0.000000089941 -0.000004733483 0.000064874033 
0.000000086559 -0.000004584683 0.000063237340 
0.000000083324 -0.000004441460 0.000061651938 
0.000000080230 -0.000004303573 0.000060115910 
0.000000077269 -0.000004170792 0.000058627422 
0.000000074434 -0.000004042896 0.000057184720 
0.000000071720 -0.000003919677 0.000055786124 
0.000000069121 -0.000003800938 0.000054430025 
0.000000066631 -0.000003686490 0.000053114884 
0.000000064245 -0.000003576151 0.000051839225 
0.000000061958 -0.000003469752 0.000050601634 
0.000000059766 -0.000003367130 0.000049400756 
0.000000057663 -0.000003268128 0.000048235292 
0.000000055647 -0.000003172599 0.000047103996 
0.000000053712 -0.000003080401 0.000046005672 
0.000000051855 -0.000002991400 0.000044939175 
0.000000050073 -0.000002905466 0.000043903404 
0.000000048361 -0.000002822478 0.000042897303 
0.000000046718 -0.000002742319 0.000041919857 
0.000000045139 -0.000002664876 0.000040970094 
0.000000043622 -0.000002590042 0.000040047077 
0.000000042165 -0.000002517716 0.000039149907 
0.000000040764 -0.000002447800 0.000038277722 
0.000000039417 -0.000002380201 0.000037429690 
0.000000038121 -0.000002314830 0.000036605014 
0.000000036875 -0.000002251602 0.000035802925 
0.000000035676 -0.000002190435 0.000035022686 
0.000000034523 -0.000002131251 0.000034263586 
0.000000033412 -0.000002073976 0.000033524941 
0.000000032343 -0.000002018538 0.000032806094 
0.000000031314 -0.000001964868 0.000032106412 
0.000000030323 -0.000001912902 0.000031425283 
0.000000029368 -0.000001862577 0.000030762122 
0.000000028448 -0.000001813832 0.000030116362 
0.000000027562 -0.000001766609 0.000029487458 
0.000000026708 -0.000001720855 0.000028874886 
0.000000025884 -0.000001676515 0.000028278138 
0.000000025090 -0.000001633539 0.000027696727 
0.000000024324 -0.000001591878 0.000027130181 
0.000000023585 -0.000001551486 0.000026578049 
0.000000022873 -0.000001512318 0.000026039890 
0.000000022185 -0.000001474330 0.000025515284 
0.000000021521 -0.000001437481 0.000025003823 
0.000000020881 -0.000001401732 0.000024505114 
0.000000020262 -0.000001367045 0.000024018776 
0.000000019665 -0.000001333382 0.000023544444 
0.000000019088 -0.000001300710 0.000023081763 
0.000000018531 -0.000001268993 0.000022630392 
0.000000017993 -0.000001238200 0.000022190001 
0.000000017472 -0.000001208300 0.000021760271 
0.000000016970 -0.000001179261 0.000021340893 
0.000000016484 -0.000001151056 0.000020931569 
0.000000016014 -0.000001123657 0.000020532013 
0.000000015560 -0.000001097037 0.000020141945 
0.000000015121 -0.000001071170 0.000019761096 
0.000000014696 -0.000001046031 0.000019389207 
0.000000014285 -0.000001021597 0.000019026024 
0.000000013887 -0.000000997845 0.000018671306 
0.000000013503 -0.000000974752 0.000018324816 
0.000000013130 -0.000000952298 0.000017986326 
0.000000012770 -0.000000930461 0.000017655616 
0.000000012421 -0.000000909223 0.000017332472 
0.000000012083 -0.000000888563 0.000017016687 
0.000000011756 -0.000000868465 0.000016708061 
0.000000011439 -0.000000848909 0.000016406401 
0.000000011132 -0.000000829880 0.000016111518 
0.000000010834 -0.000000811360 0.000015823230 
0.000000010546 -0.000000793334 0.000015541362 
0.000000010267 -0.000000775786 0.000015265742 
0.000000009996 -0.000000758702 0.000014996205 
0.000000009734 -0.000000742068 0.000014732591 
0.000000009479 -0.000000725869 0.000014474744 
0.000000009233 -0.000000710093 0.000014222513 
0.000000008993 -0.000000694727 0.000013975753 
0.000000008761 -0.000000679757 0.000013734321 
0.000000008536 -0.000000665173 0.000013498080 
0.000000008318 -0.000000650963 0.000013266897 
0.000000008106 -0.000000637116 0.000013040642 
0.000000007900 -0.000000623621 0.000012819189 
0.000000007701 -0.000000610467 0.000012602418 
0.000000007507 -0.000000597645 0.000012390209 
0.000000007319 -0.000000585145 0.000012182449 
0.000000007137 -0.000000572957 0.000011979024 
0.000000006959 -0.000000561072 0.000011779829 
0.000000006787 -0.000000549482 0.000011584756 
0.000000006620 -0.000000538178 0.000011393705 
0.000000006458 -0.000000527153 0.000011206576 
0.000000006300 -0.000000516397 0.000011023273 
0.000000006146 -0.000000505903 0.000010843702 
0.000000005997 -0.000000495664 0.000010667774 
0.000000005853 -0.000000485673 0.000010495398 
0.000000005712 -0.000000475922 0.000010326490 
0.000000005575 -0.000000466406 0.000010160967 
0.000000005442 -0.000000457117 0.000009998747 
0.000000005313 -0.000000448049 0.000009839751 
0.000000005187 -0.000000439196 0.000009683903 
0.000000005065 -0.000000430552 0.000009531129 
0.000000004946 -0.000000422112 0.000009381355 
0.000000004830 -0.000000413869 0.000009234512 
0.000000004718 -0.000000405819 0.000009090530 
0.000000004608 -0.000000397955 0.000008949344 
0.000000004502 -0.000000390274 0.000008810888 
0.000000004398 -0.000000382771 0.000008675100 
0.000000004297 -0.000000375439 0.000008541917 
0.000000004199 -0.000000368276 0.000008411281 
0.000000004103 -0.000000361276 0.000008283132 
0.000000004010 -0.000000354435 0.000008157414 
0.000000003920 -0.000000347748 0.000008034073 
0.000000003832 -0.000000341213 0.000007913054 
0.000000003746 -0.000000334824 0.000007794305 
0.000000003662 -0.000000328579 0.000007677775 
0.000000003580 -0.000000322473 0.000007563415 
0.000000003501 -0.000000316502 0.000007451176 
0.000000003424 -0.000000310664 0.000007341012 
0.000000003348 -0.000000304954 0.000007232876 
0.000000003275 -0.000000299370 0.000007126724 
0.000000003203 -0.000000293908 0.000007022512 
0.000000003134 -0.000000288565 0.000006920198 
0.000000003066 -0.000000283338 0.000006819740 
0.000000002999 -0.000000278225 0.000006721099 
0.000000002935 -0.000000273222 0.000006624235 
0.000000002872 -0.000000268326 0.000006529109 
0.000000002810 -0.000000263535 0.000006435685 
0.000000002750 -0.000000258847 0.000006343926 
0.000000002692 -0.000000254258 0.000006253797 
0.000000002635 -0.000000249767 0.000006165262 
0.000000002579 -0.000000245370 0.000006078289 
0.000000002525 -0.000000241066 0.000005992844 
0.000000002472 -0.000000236853 0.000005908895 
0.000000002421 -0.000000232727 0.000005826411 
0.000000002370 -0.000000228687 0.000005745361 
0.000000002321 -0.000000224732 0.000005665716 
0.000000002273 -0.000000220858 0.000005587446 
0.000000002227 -0.000000217063 0.000005510522 
0.000000002181 -0.000000213347 0.000005434919 
0.000000002136 -0.000000209707 0.000005360607 
0.000000002093 -0.000000206141 0.000005287561 
0.000000002050 -0.000000202648 0.000005215755 
0.000000002009 -0.000000199225 0.000005145164 
0.000000001968 -0.000000195872 0.000005075763 
0.000000001929 -0.000000192586 0.000005007528 
0.000000001890 -0.000000189366 0.000004940436 
0.000000001852 -0.000000186211 0.000004874464 
0.000000001816 -0.000000183118 0.000004809590 
0.000000001780 -0.000000180087 0.000004745791 
0.000000001744 -0.000000177115 0.000004683046 
0.000000001710 -0.000000174203 0.000004621335 
0.000000001676 -0.000000171348 0.000004560637 
0.000000001644 -0.000000168548 0.000004500933 
0.000000001612 -0.000000165804 0.000004442202 
0.000000001580 -0.000000163112 0.000004384426 
0.000000001550 -0.000000160473 0.000004327587 
0.000000001520 -0.000000157886 0.000004271665 
0.000000001490 -0.000000155348 0.000004216644 
0.000000001462 -0.000000152858 0.000004162506 
0.000000001434 -0.000000150417 0.000004109234 
0.000000001406 -0.000000148022 0.000004056811 
0.000000001380 -0.000000145673 0.000004005222 
0.000000001354 -0.000000143368 0.000003954450 
0.000000001328 -0.000000141107 0.000003904480 
0.000000001303 -0.000000138889 0.000003855297 
0.000000001279 -0.000000136713 0.000003806886 
0.000000001255 -0.000000134577 0.000003759233 
0.000000001231 -0.000000132481 0.000003712322 
0.000000001208 -0.000000130424 0.000003666142 
0.000000001186 -0.000000128405 0.000003620677 
0.000000001164 -0.000000126424 0.000003575914 
0.000000001143 -0.000000124479 0.000003531842 
0.000000001122 -0.000000122571 0.000003488446 
0.000000001101 -0.000000120697 0.000003445715 
0.000000001081 -0.000000118857 0.000003403636 
0.000000001061 -0.000000117051 0.000003362197 
0.000000001042 -0.000000115278 0.000003321387 
0.000000001023 -0.000000113537 0.000003281194 
0.000000001005 -0.000000111827 0.000003241608 
0.000000000987 -0.000000110148 0.000003202617 
0.000000000969 -0.000000108499 0.000003164210 
0.000000000952 -0.000000106880 0.000003126377 
0.000000000935 -0.000000105290 0.000003089108 
0.000000000918 -0.000000103728 0.000003052393 
0.000000000902 -0.000000102194 0.000003016221 
0.000000000886 -0.000000100687 0.000002980584 
0.000000000870 -0.000000099206 0.000002945471 
0.000000000855 -0.000000097752 0.000002910874 
0.000000000840 -0.000000096323 0.000002876784 
0.000000000825 -0.000000094919 0.000002843191 
0.000000000811 -0.000000093540 0.000002810087 
0.000000000797 -0.000000092184 0.000002777463 
0.000000000783 -0.000000090852 0.000002745312 
0.000000000769 -0.000000089543 0.000002713624 
0.000000000756 -0.000000088257 0.000002682393 
0.000000000743 -0.000000086993 0.000002651609 
0.000000000731 -0.000000085750 0.000002621265 
0.000000000718 -0.000000084529 0.000002591355 
0.000000000706 -0.000000083328 0.000002561870 
0.000000000694 -0.000000082148 0.000002532803 
0.000000000682 -0.000000080988 0.000002504147 
0.000000000671 -0.000000079848 0.000002475895 
0.000000000659 -0.000000078726 0.000002448040 
0.000000000648 -0.000000077624 0.000002420576 
0.000000000637 -0.000000076540 0.000002393497 
0.000000000627 -0.000000075474 0.000002366794 
0.000000000616 -0.000000074426 0.000002340464 
0.000000000606 -0.000000073395 0.000002314498 
0.000000000596 -0.000000072382 0.000002288891 
0.000000000586 -0.000000071385 0.000002263638 
0.000000000577 -0.000000070404 0.000002238732 
0.000000000567 -0.000000069440 0.000002214167 
0.000000000558 -0.000000068491 0.000002189939 
0.000000000549 -0.000000067558 0.000002166040 
0.000000000540 -0.000000066641 0.000002142467 
0.000000000531 -0.000000065738 0.000002119214 
0.000000000522 -0.000000064850 0.000002096276 
0.000000000514 -0.000000063976 0.000002073647 
0.000000000506 -0.000000063116 0.000002051322 
0.000000000498 -0.000000062270 0.000002029297 
0.000000000490 -0.000000061438 0.000002007567 
0.000000000482 -0.000000060619 0.000001986127 
0.000000000474 -0.000000059813 0.000001964973 
0.000000000467 -0.000000059019 0.000001944099 
0.000000000459 -0.000000058239 0.000001923502 
0.000000000452 -0.000000057471 0.000001903177 
0.000000000445 -0.000000056714 0.000001883120 
0.000000000438 -0.000000055970 0.000001863326 
0.000000000431 -0.000000055238 0.000001843791 
0.000000000424 -0.000000054517 0.000001824512 
0.000000000418 -0.000000053807 0.000001805484 
0.000000000411 -0.000000053108 0.000001786704 
0.000000000405 -0.000000052420 0.000001768167 
0.000000000398 -0.000000051743 0.000001749870 
0.000000000392 -0.000000051077 0.000001731809 
0.000000000386 -0.000000050420 0.000001713981 
0.000000000380 -0.000000049774 0.000001696381 
0.000000000374 -0.000000049137 0.000001679006 
0.000000000369 -0.000000048511 0.000001661854 
0.000000000363 -0.000000047894 0.000001644920 
0.000000000358 -0.000000047286 0.000001628201 
0.000000000352 -0.000000046687 0.000001611694 
0.000000000347 -0.000000046098 0.000001595395 
0.000000000342 -0.000000045517 0.000001579302 
0.000000000336 -0.000000044946 0.000001563412 
0.000000000331 -0.000000044383 0.000001547721 
0.000000000326 -0.000000043828 0.000001532226 
0.000000000322 -0.000000043281 0.000001516925 
0.000000000317 -0.000000042743 0.000001501814 
0.000000000312 -0.000000042213 0.000001486891 
0.000000000307 -0.000000041691 0.000001472152 
0.000000000303 -0.000000041176 0.000001457596 
0.000000000298 -0.000000040669 0.000001443220 
0.000000000294 -0.000000040169 0.000001429020 
0.000000000290 -0.000000039677 0.000001414994 
0.000000000285 -0.000000039192 0.000001401140 
0.000000000281 -0.000000038714 0.000001387456 
0.000000000277 -0.000000038243 0.000001373938 
0.000000000273 -0.000000037779 0.000001360584 
0.000000000269 -0.000000037322 0.000001347392 
0.000000000265 -0.000000036871 0.000001334359 
0.000000000261 -0.000000036427 0.000001321484 
0.000000000258 -0.000000035989 0.000001308763 
0.000000000254 -0.000000035558 0.000001296195 
0.000000000250 -0.000000035132 0.000001283778 
0.000000000247 -0.000000034713 0.000001271509 
0.000000000243 -0.000000034300 0.000001259387 
0.000000000240 -0.000000033893 0.000001247408 
0.000000000236 -0.000000033491 0.000001235572 
0.000000000233 -0.000000033095 0.000001223875 
0.000000000230 -0.000000032705 0.000001212317 
0.000000000227 -0.000000032320 0.000001200895 
0.000000000223 -0.000000031941 0.000001189606 
0.000000000220 -0.000000031567 0.000001178451 
0.000000000217 -0.000000031198 0.000001167426 
0.000000000214 -0.000000030835 0.000001156529 
0.000000000211 -0.000000030476 0.000001145759 
0.000000000208 -0.000000030123 0.000001135114 
0.000000000205 -0.000000029774 0.000001124593 
0.000000000202 -0.000000029430 0.000001114193 
0.000000000200 -0.000000029091 0.000001103914 
0.000000000197 -0.000000028757 0.000001093752 
0.000000000194 -0.000000028427 0.000001083707 
0.000000000192 -0.000000028102 0.000001073777 
0.000000000189 -0.000000027781 0.000001063961 
0.000000000186 -0.000000027465 0.000001054257 
0.000000000184 -0.000000027153 0.000001044663 
0.000000000181 -0.000000026845 0.000001035177 
0.000000000179 -0.000000026541 0.000001025800 
0.000000000176 -0.000000026242 0.000001016528 
0.000000000174 -0.000000025946 0.000001007361 
0.000000000172 -0.000000025655 0.000000998296 
0.000000000169 -0.000000025367 0.000000989334 
0.000000000167 -0.000000025084 0.000000980472 
0.000000000165 -0.000000024804 0.000000971709 
0.000000000163 -0.000000024528 0.000000963043 
0.000000000161 -0.000000024255 0.000000954474 
0.000000000158 -0.000000023986 0.000000946000 
0.000000000156 -0.000000023721 0.000000937620 
0.000000000154 -0.000000023459 0.000000929333 
0.000000000152 -0.000000023201 0.000000921137 
0.000000000150 -0.000000022946 0.000000913031 
0.000000000148 -0.000000022694 0.000000905014 
0.000000000146 -0.000000022446 0.000000897084 
0.000000000144 -0.000000022201 0.000000889242 
0.000000000142 -0.000000021959 0.000000881485 
0.000000000141 -0.000000021720 0.000000873812 
0.000000000139 -0.000000021485 0.000000866223 
0.000000000137 -0.000000021252 0.000000858716 
0.000000000135 -0.000000021023 0.000000851290 
0.000000000133 -0.000000020796 0.000000843944 
0.000000000132 -0.000000020573 0.000000836677 
0.000000000130 -0.000000020352 0.000000829488 
0.000000000128 -0.000000020134 0.000000822376 
0.000000000127 -0.000000019919 0.000000815341 
0.000000000125 -0.000000019707 0.000000808380 
0.000000000124 -0.000000019497 0.000000801494 
0.000000000122 -0.000000019290 0.000000794680 
0.000000000120 -0.000000019086 0.000000787939 
0.000000000119 -0.000000018884 0.000000781270 
0.000000000117 -0.000000018685 0.000000774670 
0.000000000116 -0.000000018488 0.000000768141 
0.000000000114 -0.000000018294 0.000000761679 
0.000000000113 -0.000000018102 0.000000755286 
0.000000000112 -0.000000017913 0.000000748960 
0.000000000110 -0.000000017726 0.000000742699 
0.000000000109 -0.000000017541 0.000000736504 
0.000000000107 -0.000000017359 0.000000730374 
0.000000000106 -0.000000017179 0.000000724307 
0.000000000105 -0.000000017001 0.000000718303 
0.000000000103 -0.000000016826 0.000000712361 
0.000000000102 -0.000000016652 0.000000706480 
0.000000000101 -0.000000016481 0.000000700660 
0.000000000100 -0.000000016312 0.000000694900 
0.000000000098 -0.000000016145 0.000000689199 
0.000000000097 -0.000000015980 0.000000683556 
0.000000000096 -0.000000015816 0.000000677971 
0.000000000095 -0.000000015655 0.000000672442 
0.000000000094 -0.000000015496 0.000000666970 
0.000000000093 -0.000000015339 0.000000661554 
0.000000000091 -0.000000015184 0.000000656192 
0.000000000090 -0.000000015031 0.000000650885 
0.000000000089 -0.000000014879 0.000000645631 
0.000000000088 -0.000000014729 0.000000640430 
0.000000000087 -0.000000014582 0.000000635281 
0.000000000086 -0.000000014435 0.000000630184 
0.000000000085 -0.000000014291 0.000000625138 
0.000000000084 -0.000000014149 0.000000620142 
0.000000000083 -0.000000014008 0.000000615197 
0.000000000082 -0.000000013868 0.000000610300 
0.000000000081 -0.000000013731 0.000000605452 
0.000000000080 -0.000000013595 0.000000600652 
0.000000000079 -0.000000013461 0.000000595899 
0.000000000078 -0.000000013328 0.000000591194 
0.000000000077 -0.000000013197 0.000000586535 
0.000000000076 -0.000000013067 0.000000581921 
0.000000000076 -0.000000012939 0.000000577353 
0.000000000075 -0.000000012812 0.000000572830 
0.000000000074 -0.000000012687 0.000000568350 
0.000000000073 -0.000000012564 0.000000563915 
0.000000000072 -0.000000012441 0.000000559523 
0.000000000071 -0.000000012321 0.000000555173 
0.000000000070 -0.000000012201 0.000000550865 
0.000000000070 -0.000000012083 0.000000546600 
0.000000000069 -0.000000011967 0.000000542375 
0.000000000068 -0.000000011851 0.000000538191 
0.000000000067 -0.000000011737 0.000000534048 
0.000000000066 -0.000000011625 0.000000529944 
0.000000000066 -0.000000011513 0.000000525880 
0.000000000065 -0.000000011403 0.000000521854 
0.000000000064 -0.000000011295 0.000000517867 
0.000000000063 -0.000000011187 0.000000513918 
0.000000000063 -0.000000011081 0.000000510007 
0.000000000062 -0.000000010976 0.000000506132 
0.000000000061 -0.000000010872 0.000000502295 
0.000000000061 -0.000000010769 0.000000498493 
0.000000000060 -0.000000010667 0.000000494728 
0.000000000059 -0.000000010567 0.000000490998 
0.000000000059 -0.000000010468 0.000000487303 
0.000000000058 -0.000000010369 0.000000483643 
0.000000000057 -0.000000010272 0.000000480017 
0.000000000057 -0.000000010176 0.000000476425 
0.000000000056 -0.000000010081 0.000000472867 
0.000000000055 -0.000000009988 0.000000469341 
0.000000000055 -0.000000009895 0.000000465849 
0.000000000054 -0.000000009803 0.000000462389 
0.000000000054 -0.000000009712 0.000000458961 
0.000000000053 -0.000000009622 0.000000455564 
0.000000000052 -0.000000009534 0.000000452200 
0.000000000052 -0.000000009446 0.000000448866 
0.000000000051 -0.000000009359 0.000000445562 
0.000000000051 -0.000000009273 0.000000442289 
0.000000000050 -0.000000009188 0.000000439047 
0.000000000050 -0.000000009104 0.000000435833 
0.000000000049 -0.000000009021 0.000000432649 
0.000000000048 -0.000000008939 0.000000429495 
0.000000000048 -0.000000008858 0.000000426368 
0.000000000047 -0.000000008777 0.000000423271 
0.000000000047 -0.000000008698 0.000000420201 
0.000000000046 -0.000000008619 0.000000417159 
0.000000000046 -0.000000008542 0.000000414145 
0.000000000045 -0.000000008465 0.000000411157 
0.000000000045 -0.000000008388 0.000000408197 
0.000000000044 -0.000000008313 0.000000405263 
0.000000000044 -0.000000008239 0.000000402356 
0.000000000043 -0.000000008165 0.000000399474 
0.000000000043 -0.000000008092 0.000000396618 
0.000000000043 -0.000000008020 0.000000393788 
0.000000000042 -0.000000007949 0.000000390983 
0.000000000042 -0.000000007878 0.000000388203 
0.000000000041 -0.000000007808 0.000000385448 
0.000000000041 -0.000000007739 0.000000382717 
0.000000000040 -0.000000007671 0.000000380010 
0.000000000040 -0.000000007603 0.000000377327 
0.000000000039 -0.000000007536 0.000000374667 
0.000000000039 -0.000000007470 0.000000372031 
0.000000000039 -0.000000007404 0.000000369419 
0.000000000038 -0.000000007340 0.000000366829 
0.000000000038 -0.000000007276 0.000000364261 
0.000000000037 -0.000000007212 0.000000361717 
0.000000000037 -0.000000007149 0.000000359194 
0.000000000037 -0.000000007087 0.000000356693 
0.000000000036 -0.000000007026 0.000000354214 
0.000000000036 -0.000000006965 0.000000351757 
0.000000000036 -0.000000006904 0.000000349320 
0.000000000035 -0.000000006845 0.000000346905 
0.000000000035 -0.000000006786 0.000000344511 
0.000000000034 -0.000000006727 0.000000342137 
0.000000000034 -0.000000006670 0.000000339784 
0.000000000034 -0.000000006612 0.000000337451 
0.000000000033 -0.000000006556 0.000000335138 
0.000000000033 -0.000000006500 0.000000332844 
0.000000000033 -0.000000006444 0.000000330571 
0.000000000032 -0.000000006389 0.000000328316 
0.000000000032 -0.000000006335 0.000000326081 
0.000000000032 -0.000000006281 0.000000323865 
0.000000000031 -0.000000006228 0.000000321668 
0.000000000031 -0.000000006175 0.000000319489 
0.000000000031 -0.000000006123 0.000000317328 
0.000000000030 -0.000000006072 0.000000315186 
0.000000000030 -0.000000006021 0.000000313062 
0.000000000030 -0.000000005970 0.000000310956 
0.000000000030 -0.000000005920 0.000000308868 
0.000000000029 -0.000000005870 0.000000306796 
0.000000000029 -0.000000005821 0.000000304743 
0.000000000029 -0.000000005773 0.000000302706 
0.000000000028 -0.000000005725 0.000000300687 
0.000000000028 -0.000000005677 0.000000298684 
0.000000000028 -0.000000005630 0.000000296698 
0.000000000028 -0.000000005583 0.000000294728 
0.000000000027 -0.000000005537 0.000000292775 
0.000000000027 -0.000000005491 0.000000290838 
0.000000000027 -0.000000005446 0.000000288917 
0.000000000026 -0.000000005401 0.000000287011 
0.000000000026 -0.000000005357 0.000000285122 
0.000000000026 -0.000000005313 0.000000283247 
0.000000000026 -0.000000005269 0.000000281389 
0.000000000025 -0.000000005226 0.000000279545 
0.000000000025 -0.000000005183 0.000000277717 
0.000000000025 -0.000000005141 0.000000275903 
0.000000000025 -0.000000005099 0.000000274104 
0.000000000024 -0.000000005058 0.000000272320 
0.000000000024 -0.000000005017 0.000000270551 
0.000000000024 -0.000000004976 0.000000268795 
0.000000000024 -0.000000004936 0.000000267054 
0.000000000024 -0.000000004896 0.000000265327 
0.000000000023 -0.000000004856 0.000000263614 
0.000000000023 -0.000000004817 0.000000261915 
0.000000000023 -0.000000004779 0.000000260230 
0.000000000023 -0.000000004740 0.000000258558 
0.000000000022 -0.000000004702 0.000000256899 
0.000000000022 -0.000000004665 0.000000255254 
0.000000000022 -0.000000004627 0.000000253621 
0.000000000022 -0.000000004590 0.000000252002 
0.000000000022 -0.000000004554 0.000000250396 
0.000000000021 -0.000000004518 0.000000248802 
0.000000000021 -0.000000004482 0.000000247222 
0.000000000021 -0.000000004446 0.000000245653 
0.000000000021 -0.000000004411 0.000000244097 
0.000000000021 -0.000000004376 0.000000242554 
0.000000000020 -0.000000004342 0.000000241022 
0.000000000020 -0.000000004308 0.000000239503 
0.000000000020 -0.000000004274 0.000000237996 
0.000000000020 -0.000000004240 0.000000236500 
0.000000000020 -0.000000004207 0.000000235016 
0.000000000019 -0.000000004174 0.000000233544 
0.000000000019 -0.000000004141 0.000000232083 
0.000000000019 -0.000000004109 0.000000230634 
0.000000000019 -0.000000004077 0.000000229196 
0.000000000019 -0.000000004045 0.000000227769 
0.000000000019 -0.000000004014 0.000000226354 
0.000000000018 -0.000000003983 0.000000224949 
0.000000000018 -0.000000003952 0.000000223555 
0.000000000018 -0.000000003922 0.000000222172 
0.000000000018 -0.000000003891 0.000000220800 
0.000000000018 -0.000000003861 0.000000219438 
0.000000000018 -0.000000003832 0.000000218086 
0.000000000017 -0.000000003802 0.000000216746 
0.000000000017 -0.000000003773 0.000000215415 
0.000000000017 -0.000000003744 0.000000214094 
0.000000000017 -0.000000003716 0.000000212784 
0.000000000017 -0.000000003687 0.000000211484 
0.000000000017 -0.000000003659 0.000000210193 
0.000000000016 -0.000000003631 0.000000208913 
0.000000000016 -0.000000003604 0.000000207642 
0.000000000016 -0.000000003576 0.000000206381 
0.000000000016 -0.000000003549 0.000000205129 
0.000000000016 -0.000000003522 0.000000203887 
0.000000000016 -0.000000003496 0.000000202654 
0.000000000016 -0.000000003469 0.000000201430 
0.000000000015 -0.000000003443 0.000000200216 
0.000000000015 -0.000000003417 0.000000199011 
0.000000000015 -0.000000003392 0.000000197815 
0.000000000015 -0.000000003366 0.000000196628 
0.000000000015 -0.000000003341 0.000000195450 
0.000000000015 -0.000000003316 0.000000194280 
0.000000000015 -0.000000003291 0.000000193120 
0.000000000014 -0.000000003267 0.000000191968 
0.000000000014 -0.000000003243 0.000000190824 
0.000000000014 -0.000000003218 0.000000189689 
0.000000000014 -0.000000003195 0.000000188563 
0.000000000014 -0.000000003171 0.000000187445 
0.000000000014 -0.000000003147 0.000000186335 
0.000000000014 -0.000000003124 0.000000185233 
0.000000000014 -0.000000003101 0.000000184139 
0.000000000013 -0.000000003078 0.000000183054 
0.000000000013 -0.000000003056 0.000000181976 
0.000000000013 -0.000000003033 0.000000180907 
0.000000000013 -0.000000003011 0.000000179845 
0.000000000013 -0.000000002989 0.000000178791 
0.000000000013 -0.000000002967 0.000000177745 
0.000000000013 -0.000000002946 0.000000176706 
0.000000000013 -0.000000002924 0.000000175675 
0.000000000013 -0.000000002903 0.000000174652 
0.000000000012 -0.000000002882 0.000000173636 
0.000000000012 -0.000000002861 0.000000172627 
0.000000000012 -0.000000002840 0.000000171625 
0.000000000012 -0.000000002819 0.000000170631 
0.000000000012 -0.000000002799 0.000000169644 
0.000000000012 -0.000000002779 0.000000168665 
0.000000000012 -0.000000002759 0.000000167692 
0.000000000012 -0.000000002739 0.000000166726 
0.000000000012 -0.000000002719 0.000000165767 
0.000000000012 -0.000000002700 0.000000164815 
0.000000000011 -0.000000002681 0.000000163870 
0.000000000011 -0.000000002661 0.000000162932 
0.000000000011 -0.000000002642 0.000000162000 
0.000000000011 -0.000000002624 0.000000161075 
0.000000000011 -0.000000002605 0.000000160157 
0.000000000011 -0.000000002586 0.000000159245 
0.000000000011 -0.000000002568 0.000000158340 
0.000000000011 -0.000000002550 0.000000157441 
0.000000000011 -0.000000002532 0.000000156548 
0.000000000011 -0.000000002514 0.000000155662 
0.000000000010 -0.000000002496 0.000000154782 
0.000000000010 -0.000000002478 0.000000153908 
0.000000000010 -0.000000002461 0.000000153040 
0.000000000010 -0.000000002444 0.000000152179 
0.000000000010 -0.000000002426 0.000000151323 
0.000000000010 -0.000000002409 0.000000150474 
0.000000000010 -0.000000002393 0.000000149630 
0.000000000010 -0.000000002376 0.000000148793 
0.000000000010 -0.000000002359 0.000000147961 
0.000000000010 -0.000000002343 0.000000147135 
0.000000000010 -0.000000002327 0.000000146315 
0.000000000010 -0.000000002310 0.000000145500 
0.000000000009 -0.000000002294 0.000000144691 
0.000000000009 -0.000000002278 0.000000143888 
0.000000000009 -0.000000002263 0.000000143090 
0.000000000009 -0.000000002247 0.000000142298 
0.000000000009 -0.000000002231 0.000000141512 
0.000000000009 -0.000000002216 0.000000140730 
0.000000000009 -0.000000002201 0.000000139954 
0.000000000009 -0.000000002186 0.000000139184 
0.000000000009 -0.000000002171 0.000000138419 
0.000000000009 -0.000000002156 0.000000137659 
0.000000000009 -0.000000002141 0.000000136904 
0.000000000009 -0.000000002126 0.000000136154 
0.000000000009 -0.000000002112 0.000000135410 
0.000000000009 -0.000000002097 0.000000134671 
0.000000000008 -0.000000002083 0.000000133936 
0.000000000008 -0.000000002069 0.000000133207 
0.000000000008 -0.000000002055 0.000000132482 
0.000000000008 -0.000000002041 0.000000131763 
0.000000000008 -0.000000002027 0.000000131048 
0.000000000008 -0.000000002013 0.000000130339 
0.000000000008 -0.000000002000 0.000000129634 
0.000000000008 -0.000000001986 0.000000128933 
0.000000000008 -0.000000001973 0.000000128238 
0.000000000008 -0.000000001960 0.000000127547 
0.000000000008 -0.000000001947 0.000000126861 
0.000000000008 -0.000000001933 0.000000126179 
0.000000000008 -0.000000001920 0.000000125502 
0.000000000008 -0.000000001908 0.000000124830 
0.000000000008 -0.000000001895 0.000000124162 
0.000000000007 -0.000000001882 0.000000123499 
0.000000000007 -0.000000001870 0.000000122840 
0.000000000007 -0.000000001857 0.000000122185 
0.000000000007 -0.000000001845 0.000000121535 
0.000000000007 -0.000000001833 0.000000120889 
0.000000000007 -0.000000001820 0.000000120247 
0.000000000007 -0.000000001808 0.000000119609 
0.000000000007 -0.000000001796 0.000000118976 
0.000000000007 -0.000000001785 0.000000118347 
0.000000000007 -0.000000001773 0.000000117722 
0.000000000007 -0.000000001761 0.000000117101 
0.000000000007 -0.000000001750 0.000000116485 
0.000000000007 -0.000000001738 0.000000115872 
0.000000000007 -0.000000001727 0.000000115263 
0.000000000007 -0.000000001715 0.000000114659 
0.000000000007 -0.000000001704 0.000000114058 
0.000000000007 -0.000000001693 0.000000113461 
0.000000000007 -0.000000001682 0.000000112869 
0.000000000006 -0.000000001671 0.000000112280 
0.000000000006 -0.000000001660 0.000000111695 
0.000000000006 -0.000000001649 0.000000111113 
0.000000000006 -0.000000001639 0.000000110536 
0.000000000006 -0.000000001628 0.000000109962 
0.000000000006 -0.000000001617 0.000000109392 
0.000000000006 -0.000000001607 0.000000108825 
0.000000000006 -0.000000001597 0.000000108263 
0.000000000006 -0.000000001586 0.000000107704 
0.000000000006 -0.000000001576 0.000000107148 
0.000000000006 -0.000000001566 0.000000106596 
0.000000000006 -0.000000001556 0.000000106048 
0.000000000006 -0.000000001546 0.000000105503 
0.000000000006 -0.000000001536 0.000000104962 
0.000000000006 -0.000000001526 0.000000104424 
0.000000000006 -0.000000001516 0.000000103889 
0.000000000006 -0.000000001507 0.000000103358 
0.000000000006 -0.000000001497 0.000000102830 
0.000000000006 -0.000000001488 0.000000102306 
0.000000000006 -0.000000001478 0.000000101785 
0.000000000006 -0.000000001469 0.000000101268 
0.000000000006 -0.000000001459 0.000000100753 
0.000000000005 -0.000000001450 0.000000100242 
0.000000000005 -0.000000001441 0.000000099734 
0.000000000005 -0.000000001432 0.000000099230 
0.000000000005 -0.000000001423 0.000000098728 
0.000000000005 -0.000000001414 0.000000098230 
0.000000000005 -0.000000001405 0.000000097735 
0.000000000005 -0.000000001396 0.000000097243 
0.000000000005 -0.000000001387 0.000000096754 
0.000000000005 -0.000000001379 0.000000096268 
0.000000000005 -0.000000001370 0.000000095785 
0.000000000005 -0.000000001361 0.000000095305 
0.000000000005 -0.000000001353 0.000000094829 
0.000000000005 -0.000000001344 0.000000094355 
0.000000000005 -0.000000001336 0.000000093884 
0.000000000005 -0.000000001328 0.000000093416 
0.000000000005 -0.000000001320 0.000000092951 
0.000000000005 -0.000000001311 0.000000092489 
0.000000000005 -0.000000001303 0.000000092030 
0.000000000005 -0.000000001295 0.000000091573 
0.000000000005 -0.000000001287 0.000000091120 
0.000000000005 -0.000000001279 0.000000090669 
0.000000000005 -0.000000001271 0.000000090221 
0.000000000005 -0.000000001263 0.000000089776 
0.000000000005 -0.000000001256 0.000000089333 
0.000000000005 -0.000000001248 0.000000088893 
0.000000000005 -0.000000001240 0.000000088456 
0.000000000004 -0.000000001233 0.000000088022 
0.000000000004 -0.000000001225 0.000000087590 
0.000000000004 -0.000000001218 0.000000087161 
0.000000000004 -0.000000001210 0.000000086735 
0.000000000004 -0.000000001203 0.000000086311 
0.000000000004 -0.000000001195 0.000000085889 
0.000000000004 -0.000000001188 0.000000085471 
0.000000000004 -0.000000001181 0.000000085055 
0.000000000004 -0.000000001174 0.000000084641 
0.000000000004 -0.000000001167 0.000000084230 
0.000000000004 -0.000000001160 0.000000083821 
0.000000000004 -0.000000001153 0.000000083415 
0.000000000004 -0.000000001146 0.000000083012 
0.000000000004 -0.000000001139 0.000000082610 
0.000000000004 -0.000000001132 0.000000082211 
0.000000000004 -0.000000001125 0.000000081815 
0.000000000004 -0.000000001118 0.000000081421 
0.000000000004 -0.000000001111 0.000000081029 
0.000000000004 -0.000000001105 0.000000080640 
0.000000000004 -0.000000001098 0.000000080253 
0.000000000004 -0.000000001092 0.000000079868 
0.000000000004 -0.000000001085 0.000000079486 
0.000000000004 -0.000000001079 0.000000079106 
0.000000000004 -0.000000001072 0.000000078728 
0.000000000004 -0.000000001066 0.000000078353 
0.000000000004 -0.000000001059 0.000000077979 
0.000000000004 -0.000000001053 0.000000077608 
0.000000000004 -0.000000001047 0.000000077239 
0.000000000004 -0.000000001041 0.000000076873 
0.000000000004 -0.000000001035 0.000000076508 
0.000000000004 -0.000000001028 0.000000076146 
0.000000000004 -0.000000001022 0.000000075786 
0.000000000004 -0.000000001016 0.000000075427 
0.000000000004 -0.000000001010 0.000000075071 
0.000000000004 -0.000000001004 0.000000074718 
0.000000000003 -0.000000000998 0.000000074366 
0.000000000003 -0.000000000993 0.000000074016 
0.000000000003 -0.000000000987 0.000000073668 
0.000000000003 -0.000000000981 0.000000073323 
0.000000000003 -0.000000000975 0.000000072979 
0.000000000003 -0.000000000970 0.000000072638 
0.000000000003 -0.000000000964 0.000000072298 
0.000000000003 -0.000000000958 0.000000071960 
0.000000000003 -0.000000000953 0.000000071625 
0.000000000003 -0.000000000947 0.000000071291 
0.000000000003 -0.000000000942 0.000000070959 
0.000000000003 -0.000000000936 0.000000070629 
0.000000000003 -0.000000000931 0.000000070301 
0.000000000003 -0.000000000925 0.000000069975 
0.000000000003 -0.000000000920 0.000000069651 
0.000000000003 -0.000000000915 0.000000069329 
0.000000000003 -0.000000000909 0.000000069009 
0.000000000003 -0.000000000904 0.000000068690 
0.000000000003 -0.000000000899 0.000000068373 
0.000000000003 -0.000000000894 0.000000068058 
0.000000000003 -0.000000000889 0.000000067745 
0.000000000003 -0.000000000883 0.000000067434 
0.000000000003 -0.000000000878 0.000000067125 
0.000000000003 -0.000000000873 0.000000066817 
0.000000000003 -0.000000000868 0.000000066511 
0.000000000003 -0.000000000863 0.000000066207 
0.000000000003 -0.000000000858 0.000000065904 
0.000000000003 -0.000000000854 0.000000065604 
0.000000000003 -0.000000000849 0.000000065304 
0.000000000003 -0.000000000844 0.000000065007 
0.000000000003 -0.000000000839 0.000000064712 
0.000000000003 -0.000000000834 0.000000064418 
0.000000000003 -0.000000000830 0.000000064125 
0.000000000003 -0.000000000825 0.000000063835 
0.000000000003 -0.000000000820 0.000000063546 
0.000000000003 -0.000000000816 0.000000063258 
0.000000000003 -0.000000000811 0.000000062973 
0.000000000003 -0.000000000806 0.000000062688 
0.000000000003 -0.000000000802 0.000000062406 
0.000000000003 -0.000000000797 0.000000062125 
0.000000000003 -0.000000000793 0.000000061846 
0.000000000003 -0.000000000788 0.000000061568 
0.000000000003 -0.000000000784 0.000000061292 
0.000000000003 -0.000000000780 0.000000061017 
0.000000000003 -0.000000000775 0.000000060744 
0.000000000003 -0.000000000771 0.000000060472 
0.000000000003 -0.000000000767 0.000000060202 
0.000000000003 -0.000000000762 0.000000059933 
0.000000000003 -0.000000000758 0.000000059666 
0.000000000002 -0.000000000754 0.000000059401 
0.000000000002 -0.000000000750 0.000000059137 
0.000000000002 -0.000000000746 0.000000058874 
0.000000000002 -0.000000000741 0.000000058613 
0.000000000002 -0.000000000737 0.000000058353 
0.000000000002 -0.000000000733 0.000000058095 
0.000000000002 -0.000000000729 0.000000057838 
0.000000000002 -0.000000000725 0.000000057582 
0.000000000002 -0.000000000721 0.000000057328 
0.000000000002 -0.000000000717 0.000000057075 
0.000000000002 -0.000000000713 0.000000056824 
0.000000000002 -0.000000000709 0.000000056574 
0.000000000002 -0.000000000705 0.000000056326 
0.000000000002 -0.000000000702 0.000000056079 
0.000000000002 -0.000000000698 0.000000055833 
0.000000000002 -0.000000000694 0.000000055588 
0.000000000002 -0.000000000690 0.000000055345 
0.000000000002 -0.000000000686 0.000000055103 
0.000000000002 -0.000000000683 0.000000054863 
0.000000000002 -0.000000000679 0.000000054624 
0.000000000002 -0.000000000675 0.000000054386 
0.000000000002 -0.000000000672 0.000000054149 
0.000000000002 -0.000000000668 0.000000053914 
0.000000000002 -0.000000000664 0.000000053680 
0.000000000002 -0.000000000661 0.000000053447 
0.000000000002 -0.000000000657 0.000000053216 
0.000000000002 -0.000000000654 0.000000052986 
0.000000000002 -0.000000000650 0.000000052757 
0.000000000002 -0.000000000647 0.000000052529 
0.000000000002 -0.000000000643 0.000000052302 
0.000000000002 -0.000000000640 0.000000052077 
0.000000000002 -0.000000000636 0.000000051853 
0.000000000002 -0.000000000633 0.000000051630 
0.000000000002 -0.000000000629 0.000000051408 
0.000000000002 -0.000000000626 0.000000051188 
0.000000000002 -0.000000000623 0.000000050968 
0.000000000002 -0.000000000619 0.000000050750 
0.000000000002 -0.000000000616 0.000000050533 
0.000000000002 -0.000000000613 0.000000050317 
0.000000000002 -0.000000000609 0.000000050103 
0.000000000002 -0.000000000606 0.000000049889 
0.000000000002 -0.000000000603 0.000000049677 
0.000000000002 -0.000000000600 0.000000049466 
0.000000000002 -0.000000000597 0.000000049255 
0.000000000002 -0.000000000593 0.000000049046 
0.000000000002 -0.000000000590 0.000000048838 
0.000000000002 -0.000000000587 0.000000048632 
0.000000000002 -0.000000000584 0.000000048426 
0.000000000002 -0.000000000581 0.000000048221 
0.000000000002 -0.000000000578 0.000000048018 
0.000000000002 -0.000000000575 0.000000047815 
0.000000000002 -0.000000000572 0.000000047614 
0.000000000002 -0.000000000569 0.000000047413 
0.000000000002 -0.000000000566 0.000000047214 
0.000000000002 -0.000000000563 0.000000047016 
0.000000000002 -0.000000000560 0.000000046819 
0.000000000002 -0.000000000557 0.000000046622 
0.000000000002 -0.000000000554 0.000000046427 
0.000000000002 -0.000000000551 0.000000046233 
0.000000000002 -0.000000000548 0.000000046040 
0.000000000002 -0.000000000545 0.000000045848 
0.000000000002 -0.000000000543 0.000000045657 
0.000000000002 -0.000000000540 0.000000045467 
0.000000000002 -0.000000000537 0.000000045277 
0.000000000002 -0.000000000534 0.000000045089 
0.000000000002 -0.000000000531 0.000000044902 
0.000000000002 -0.000000000529 0.000000044716 
0.000000000002 -0.000000000526 0.000000044531 
0.000000000002 -0.000000000523 0.000000044346 
0.000000000002 -0.000000000521 0.000000044163 
0.000000000002 -0.000000000518 0.000000043981 
0.000000000002 -0.000000000515 0.000000043799 
0.000000000002 -0.000000000512 0.000000043619 
0.000000000002 -0.000000000510 0.000000043439 
0.000000000002 -0.000000000507 0.000000043260 
0.000000000002 -0.000000000505 0.000000043083 
0.000000000002 -0.000000000502 0.000000042906 
0.000000000002 -0.000000000499 0.000000042730 
0.000000000002 -0.000000000497 0.000000042555 
0.000000000002 -0.000000000494 0.000000042381 
0.000000000001 -0.000000000492 0.000000042208 
0.000000000001 -0.000000000489 0.000000042035 
0.000000000001 -0.000000000487 0.000000041864 
0.000000000001 -0.000000000484 0.000000041693 
0.000000000001 -0.000000000482 0.000000041523 
0.000000000001 -0.000000000479 0.000000041355 
0.000000000001 -0.000000000477 0.000000041187 
0.000000000001 -0.000000000475 0.000000041019 
0.000000000001 -0.000000000472 0.000000040853 
0.000000000001 -0.000000000470 0.000000040688 
0.000000000001 -0.000000000467 0.000000040523 
0.000000000001 -0.000000000465 0.000000040359 
0.000000000001 -0.000000000463 0.000000040196 
0.000000000001 -0.000000000460 0.000000040034 
0.000000000001 -0.000000000458 0.000000039873 
0.000000000001 -0.000000000456 0.000000039712 
0.000000000001 -0.000000000453 0.000000039552 
0.000000000001 -0.000000000451 0.000000039393 
0.000000000001 -0.000000000449 0.000000039235 
0.000000000001 -0.000000000447 0.000000039078 
0.000000000001 -0.000000000444 0.000000038921 
0.000000000001 -0.000000000442 0.000000038766 
0.000000000001 -0.000000000440 0.000000038611 
0.000000000001 -0.000000000438 0.000000038457 
0.000000000001 -0.000000000436 0.000000038303 
0.000000000001 -0.000000000433 0.000000038150 
0.000000000001 -0.000000000431 0.000000037999 
0.000000000001 -0.000000000429 0.000000037847 
0.000000000001 -0.000000000427 0.000000037697 
0.000000000001 -0.000000000425 0.000000037547 
0.000000000001 -0.000000000423 0.000000037398 
0.000000000001 -0.000000000421 0.000000037250 
0.000000000001 -0.000000000419 0.000000037103 
0.000000000001 -0.000000000417 0.000000036956 
0.000000000001 -0.000000000415 0.000000036810 
0.000000000001 -0.000000000412 0.000000036665 
0.000000000001 -0.000000000410 0.000000036520 
0.000000000001 -0.000000000408 0.000000036376 
0.000000000001 -0.000000000406 0.000000036233 
0.000000000001 -0.000000000404 0.000000036091 
0.000000000001 -0.000000000402 0.000000035949 
0.000000000001 -0.000000000400 0.000000035808 
0.000000000001 -0.000000000399 0.000000035668 
0.000000000001 -0.000000000397 0.000000035528 
0.000000000001 -0.000000000395 0.000000035389 
0.000000000001 -0.000000000393 0.000000035251 
0.000000000001 -0.000000000391 0.000000035113 
0.000000000001 -0.000000000389 0.000000034976 
